0.010907
0.012040
0.008809
0.007617
0.002129
0.002274
0.008236
0.007488
0.018394
0.002259
0.002342
0.009199
0.002197
0.010634
0.028788
0.001932
0.006467
0.007782
0.007231
0.002357
0.002680
0.008333
0.035928
0.014394
0.003566
0.002152
0.010443
0.012493
0.009632
0.002418
0.003878
0.005608
0.008861
0.009310
0.004033
0.003031
0.008922
0.031907
0.013621
0.002087
0.003286
0.008745
0.008859
0.006983
0.003996
0.006683
0.006755
0.007774
0.006742
0.046765
0.002654
0.003801
0.007986
0.011877
0.032719
0.002384
0.002097
0.006929
0.007218
0.005153
0.001965
0.002207
0.010567
0.006701
0.041494
0.002142
0.001964
0.011030
0.006759
0.006464
0.002059
0.003500
0.007131
0.008370
0.010568
0.002232
0.002503
0.005110
0.013313
0.022637
0.011104
0.001788
0.002370
0.008890
0.026744
0.023382
0.002242
0.003175
0.004111
0.021227
0.018237
0.001889
0.004638
0.009513
0.011292
0.005520
0.002084
0.001890
0.002189
0.003639
0.011981
0.009814
0.016499
0.002305
0.002560
0.009791
0.033658
0.002360
0.005524
0.008833
0.011261
0.013464
0.003513
0.005068
0.006848
0.004243
0.021102
0.011706
0.003819
0.011720
0.010991
0.005902
0.011616
0.001980
0.008175
0.007798
0.003053
0.002289
0.002626
0.002822
0.014365
0.037698
0.004060
0.003658
0.016549
0.007305
0.009675
0.007378
0.004800
0.007148
0.0105421
0.007899
0.003575
0.001953
0.005872
0.008500
0.009640
0.002531
0.002367
0.004073
0.018186
0.010844
0.002461
0.004355
0.011681
0.005745
0.005649
0.001884
0.002666
0.003527
0.008795
0.020018
0.001769
0.002297
0.002232
0.009450
0.009277
0.003942
0.003490
0.002093
0.003575
0.007618
0.010484
0.003820
0.002253
0.003642
0.006987
0.005505
0.002917
0.001991
0.004211
0.005238
0.004165
0.002303
0.002422
0.006030
0.002351
0.007454
0.001773
0.002464
0.002489
0.012565
0.023526
0.002282
0.003192
0.011043
0.007322
0.012975
0.009554
0.002834
0.010362
0.009017
0.006140
0.003818
0.002212
0.012891
0.016556
0.009814
0.010974
0.002911
0.008773
0.009665
0.013678
0.002682
0.004405
0.011263
0.008386
0.011827
0.007897
0.002047
0.002516
0.006718
0.006508
0.002381
0.002338
0.009609
0.007166
0.004698
0.002437
0.002215
0.002480
0.005929
0.005849
0.003161
0.001825
0.002157
0.013599
0.028166
0.006635
0.007002
0.002058
0.002913
0.005192
0.006211
0.003520
0.002428
0.009999
0.006910
0.011067
0.001900
0.002011
0.009918
0.008062
0.004225
0.010756
0.005151
0.010311
0.012010
0.010032
0.002012
0.004425
0.009823
0.007486
0.012855
0.002142
0.002238
0.007817
0.006640
0.024098
0.002050
0.002188
0.011648
0.010387
0.009689
0.003674
0.002401
0.011605
0.012149
0.010722
0.009624
0.002335
0.009499
0.012755
0.025799
0.002321
0.004227
0.002332
0.011706
0.011866
0.032251
0.014755
0.012509
0.012159
0.010534
0.010691
0.001974
0.002252
0.010733
0.010812
0.014474
0.002404
0.002274
0.010218
0.007483
0.020728
0.002363
0.002366
0.002954
0.013083
0.010712
0.002414
0.005830
0.009231
0.011271
0.023528
0.005235
0.007691
0.009252
0.010528
0.011787
0.013873
0.002116
0.002354
0.002861
0.012956
0.006721
0.003143
0.003339
0.007023

0.012507
0.012960
0.002089
0.003376
0.005798
0.010417
0.001903
0.002497
0.002703
0.008670
0.010882
0.028120
0.002141
0.008951
0.014926
0.002268
0.002442
0.008111
0.011810
0.009247
0.005653
0.014990
0.002360
0.013369
0.011809
0.002703
0.012140
0.003121
0.008836
0.029860
0.002438
0.011904
0.005424
0.010669
0.010725
0.028737
0.002542
0.002452
0.007988
0.007749
0.007061
0.002373
0.002262
0.011418
0.012444
0.029292
0.002997
0.003742
0.009188
0.006480
0.010496
0.043630
0.002311
0.010512
0.028971

0.001770
0.002264
0.008498
0.008841
0.005416
0.008074
0.001969
0.006546
0.007789
0.006144
0.001819
0.002409
0.006372
0.006489
0.014684
0.003618
0.002623
0.006889
0.011862
0.003668
0.002229
0.002245
0.014287
0.003783
0.009408
0.006071
0.002368
0.007139
0.010065
0.003181
0.002364
0.002743
0.010307
0.010179
0.009291
0.002464
0.002260
0.003018
0.012990
0.006236
0.001764
0.002199
0.002328
0.003095
0.028818
0.032551
0.001979
0.008200
0.009928
0.011221
0.009793
0.001994
0.003432
0.010731
0.008838
0.011341
0.003937
0.002244
0.009386
0.011919
0.011430
0.003058
0.002148
0.011781
0.009099
0.004581
0.005018
0.002416
0.003978
0.006902
0.023402
0.002270
0.002690
0.005490
0.008166
0.012564
0.002520
0.006422
0.011338
0.010761
0.010887
0.002244
0.003881
0.011205
0.012187
0.008750
0.002217
0.004446
0.008253
0.008938
0.006264
0.010444
0.010416
0.014978
0.011172
0.002559
0.001975
0.009379
0.012421
0.026542
0.002290
0.002412
0.015168
0.012651
0.012253
0.002101
0.007299
0.012064
0.006770
0.002565
0.003804
0.005661
0.011333
0.011036
