0.003778
0.005353
0.015001
0.011970
0.015647
0.001721
0.006919
0.001423
0.016387
0.026493
0.009440
0.010599
0.006902
0.011746
0.049380
0.001595
0.003455
0.004488
0.017073
0.026269
0.003094
0.008194
0.007279
0.009664
0.009966
0.003313
0.002539
0.001450
0.020653
0.022735
0.001760
0.011432
0.005334
0.009299
0.009067
0.001472
0.013628
0.016763
0.007403
0.024821
0.033911
0.009817
0.008309
0.004884
0.013672
0.022311
0.007859
0.003835
0.007180
0.009512
0.057470
0.009173
0.011142
0.006751
0.010675
0.018060
0.018505
0.001335
0.002294
0.009065
0.024010
0.002491
0.013056
0.012870
0.018444
0.031681
0.012042
0.001402
0.007834
0.020295
0.006543
0.001606
0.001369
0.015308
0.013070
0.023725
0.014978
0.003533
0.002890
0.009243
0.026187
0.042728
0.012428
0.007502
0.024671
0.015662
0.012171
0.003546
0.001368
0.006283
0.020972
0.017224
0.003152
0.007448
0.010340
0.013429
0.009129
0.007741
0.001432
0.006096
0.013928
0.005535
0.009124
0.010044
0.009145
0.009541
0.003666
0.001779
0.006557
0.003627
0.018566
0.008925
0.001341
0.006020
0.014460
0.021649
0.051739
0.008876
0.009632
0.006387
0.011671
0.023161
0.023837
0.012421
0.015547
0.015552
0.014260
0.031442
0.007620
0.005930
0.011858
0.029021
0.027599
0.014967
0.006374
0.011429
0.001786
0.008403
0.002854
0.007407
0.007123
0.011558
0.002080
0.009535
0.008100
0.008288
0.050727
0.002829
0.013828
0.010757
0.010642
0.011292
0.012919
0.010753
0.006616
0.004816
0.014355
0.015503
0.013331
0.006771
0.016050
0.001513
0.001307
0.008444
0.002436
0.012938
0.013571
0.001612
0.003996
0.009341
0.011697
0.040621
0.003718
0.010879
0.012360
0.013807
0.010438
0.026395
0.008576
0.014459
0.005806
0.024198
0.009711
0.002248
0.009671
0.006201
0.020235
0.002668
0.010413
0.013773
0.011300
0.024480
0.004900
0.010741
0.004486
0.015220
0.026241
0.008548
0.001856
0.003883
0.010949
0.035732
0.002501
0.001429
0.004594
0.008084
0.025770
0.005323
0.001376
0.006528
0.014469
0.008729
0.001833
0.012606
0.010425
0.016781
0.025143
0.001627
0.002776
0.004426
0.017626
0.010579
0.017858
0.001594
0.013364
0.006542
0.005289
0.026550
0.010929
0.015994
0.011789
0.049267
0.008504
0.011486
0.005028
0.018229
0.024617
0.003385
0.009364
0.013262
0.010279
0.031868
0.003338
0.004870
0.010044
0.010417
0.012348
0.003088
0.002269
0.009279
0.009560
0.001649
0.001478
0.015382
0.013213
0.008381
0.004741
0.003459
0.007850
0.025222
0.031675
0.002597
0.005991
0.007879
0.010588
0.027259
0.005666
0.008273
0.006694
0.011151
0.025976
0.002173
0.008277
0.006707
0.014649
0.009470
0.012727
0.017281
0.007776
0.017073
0.012275
0.001474
0.008747
0.011108
0.024235
0.024563
0.007043
0.013041
0.009024
0.012863
0.022793
0.001876
0.001682
0.003577
0.003487
0.003370
0.045578
0.024745
0.009582
0.006499
0.009307
0.024864
0.011056
0.013874
0.011473
0.007492
0.019276
0.002491
0.007913
0.006554
0.012806
0.008901
0.001618
0.008307
0.005641
0.010627
0.006608
0.002597
0.006291
0.006794
0.009242
0.045586
0.013576
0.001875
0.002741
0.030452
0.009985
0.012443
0.009572
0.004719
0.040695
0.010112
0.010059
0.032324
0.014962
0.016697
0.019158
0.037249
0.003065
0.016296
0.007011
0.019193
0.024144
0.006360
0.006874
0.003982
0.014953
0.005541
0.010776
0.003188
0.008324
0.004541
0.002316
0.014620
0.016945
0.008715
0.008464
0.001677
0.001490
0.005871
0.009120
0.010234
0.001426
0.009472
0.012788
0.014206
0.009616
0.007860
0.001430
0.009837
0.030719
0.005029
0.010788
0.002015
0.006893
0.011061
0.018844
0.009646
0.001485
0.011302
0.007275
0.018348
0.008329
0.002964
0.005793
0.011582
0.025484
0.002786
0.009661
0.020816
0.026520
0.004403
0.001439
0.015722
0.013479
0.020119
0.005659
0.008355
0.013504
0.008358
0.008219
0.010590
0.006573
0.001421
0.001708
0.011330
0.005472
0.007670
0.010782
0.003850
0.010062
0.013978
0.007103
0.014471
0.007253
0.005924
0.012043
0.002816
0.003008
0.013315
0.006603
0.014100
0.010164
0.018080
0.001671
0.002365
0.009205
0.012256
0.003812
0.007404
0.013640
0.009811
0.026619
0.012758
0.005929
0.014505
0.011106
0.033434
0.020832
0.012227
0.007981
0.010327
0.009860
0.007737
0.005785
0.018330
0.006544
0.002308
0.012682
0.005505
0.028071
0.005864
0.008046
0.001436
0.005016
0.030736
0.005564
0.010708
0.002601
0.013917
0.009293
0.027749
0.014041
0.013574
0.006416
0.003442
0.007738
0.003745
0.010301
0.016740
0.013325
0.015300
0.001685
0.006302
0.006575
0.012878
0.048796
0.001813
0.013717
0.009877
0.033237
0.003882
0.002413
0.001344
0.003520
0.018558
0.009743
0.005763
0.013481
0.006485
0.009928
0.013294
0.001818
0.012788
0.013009
0.021865
0.002281
0.012715
0.001493
0.005915
