0.012836
0.022600
0.009671
0.003174
0.002299
0.005257
0.014184
0.031609
0.008016
0.001923
0.012733
0.010113
0.013840
0.024190
0.010632
0.008702
0.011335
0.008642
0.020701
0.011688
0.013018
0.016193
0.016067
0.018214
0.002660
0.005848
0.012732
0.027951
0.010170
0.004046
0.004705
0.012682
0.021434
0.007773
0.002726
0.013008
0.025409
0.042256
0.015643
0.024683
0.008947
0.012672
0.012116
0.023767
0.015783
0.013459
0.009118
0.009074
0.012983
0.011338
0.008068
0.012716
0.053160
0.014663
0.002382
0.002110
0.009011
0.050494
0.014890
0.010024
0.015307
0.022159
0.023251
0.004243
0.009429
0.009205
0.035736
0.004003
0.007386
0.016296
0.024113
0.008588
0.010729
0.008855
0.009613
0.011328
0.027573
0.015896
0.002069
0.006490
0.008167
0.016855
0.013749
0.023079
0.015970
0.040457
0.002592
0.017046
0.002211
0.016208
0.010946
0.008310
0.001780
0.014996
0.014032
0.016580
0.024211
0.003781
0.002202
0.002021
0.012025
0.032099
0.024556
0.002199
0.015150
0.012735
0.049123
0.003188
0.010882
0.001744
0.001997
0.012786
0.002432
0.003309
0.002085
0.019752
0.009093
0.018823
0.017455
0.025162
0.024274
0.011597
0.016176
0.042059
0.008454
0.011023
0.002246
0.016997
0.024860
0.012643
0.020012
0.011926
0.010145
0.014098
0.021941
0.010373
0.024401
0.009169
0.026152
0.011156
0.020627
0.022355
0.006930
0.017478
0.057841
0.012494
0.002723
0.015243
0.015775
0.006453
0.014437
0.021622
0.024334
0.021271
0.028318
0.015492
0.013923
0.002072
0.007089
0.018610
0.027352
0.019070
0.006213
0.010643
0.037814
0.007271
0.013708
0.006235
0.024139
0.011177
0.028770
0.010805
0.011194
0.007819
0.022290
0.018165
0.002791
0.012082
0.011002
0.010530
0.009283
0.006716
0.003111
0.009104
0.053514
0.005428
0.002745
0.008267
0.007833
0.026076
0.023318
0.015396
0.012230
0.016348
0.016939
0.022456
0.013552
0.004019
0.019421
0.021229
0.029728
0.015753
0.008793
0.026281
0.008899
0.015741
0.011134
0.010715
0.010825
0.006849
0.015118
0.001800
0.006781
0.024308
0.011362
0.006576
0.002246
0.005034
0.016017
0.052459
0.016675
0.014425
0.007913
0.009885
0.006373
0.022550
0.031873
0.019567
0.028275
0.035386
0.017261
0.002373
0.011540
0.012119
0.051568
0.014574
0.004174
0.009354
0.017085
0.017598
0.011675
0.009077
0.013248
0.023548
0.002263
0.002445
0.002745
0.007898
0.059852
0.035179
0.002361
0.007315
0.011884
0.031630
0.017154
0.001868
0.007339
0.016158
0.028157
0.023137
0.011710
0.006412
0.022118
0.033556
0.013144
0.011748
0.021892
0.016670
0.009360
0.002614
0.002279
0.006649
0.015218
0.023660
0.015260
0.014427
0.012049
0.007064
0.004314
0.010442
0.010498
0.006024
0.012460
0.039503
0.012747
0.012513
0.005428
0.014097
0.036237
0.022355
0.002046
0.012370
0.016060
0.020892
0.011608
0.013019
0.009811
0.014497
0.036611
0.020253
0.010885
0.007010
0.013810
0.050195
0.021504
0.012622
0.010054
0.017226
0.017400
0.025118
0.004478
0.002599
0.012324
0.034116
0.015131
0.002576
0.012313
0.020227
0.005911
0.011553
0.018678
0.009200
0.022620
0.024854
0.009850
0.002346
0.006142
0.003376
0.029142
0.008417
0.029127
0.015213
0.015176
0.024557
0.016229
0.012260
0.016818
0.047698
0.010047
0.002218
0.005067
0.021742
0.030945
0.016242
0.008272
0.002810
0.009340
0.008919
0.033213
0.009415
0.002143
0.016884
0.016405
0.013867
0.021872
0.002635
0.004944
0.015378
0.015437
0.003466
0.002417
0.007537
0.012216
0.018150
0.009402
0.013191
0.002189
0.018442
0.015053
0.038439
0.012397
0.011899
0.009577
0.015593
0.026967
0.008335
0.015186
0.008839
0.014265
0.028809
0.003536
0.002158
0.003448
0.012373
0.021238
0.007863
0.010827
0.002997
0.017847
0.011519
0.032349
0.013576
0.007243
0.021288
0.002732
0.003721
0.011644
0.005930
0.016144
0.041065
0.007492
0.011522
0.009664
0.009455
0.037079
0.008609
0.012770
0.008447
0.016439
0.032864
0.004558
0.002521
0.020051
0.015327
0.011122
0.026812
0.004591
0.015587
0.012604
0.008947
0.016322
0.012716
0.002046
0.012294
0.050046
0.013837
0.002070
0.008368
0.005988
0.006611
0.032704
0.009199
0.013079
0.010678
0.028358
0.015340
0.015441
0.003014
0.013783
0.022054
0.009638
0.001752
0.012208
0.032026
0.018759
0.008508
0.002746
0.019063
0.040553
0.012659
0.008017
0.007346
0.021437
0.014545
0.016872
0.012934
0.002051
0.008916
0.013087
0.014293
0.005530
0.003509
0.023748
0.015972
0.025323
0.010702
0.016126
0.007177
0.020007
0.008685
0.002952
0.012131
0.016753
0.021176
0.015173
0.010741
0.007971
0.071454
0.031747
0.007007
0.015229
0.004962
0.010267
0.010582
0.016764
0.012921
0.017497
0.041190
0.009607
0.015984
0.009211
0.049727
0.017184
0.025660
0.002406
0.023255
0.019832
0.051079
0.016015
0.005741
