0.002587
0.012230
0.010216
0.001810
0.007305
0.011584
0.032507
0.026718
0.001547
0.006328
0.008566
0.002022
0.001600
0.001974
0.010048
0.011365
0.051227
0.001528
0.002586
0.002012
0.011283
0.010428
0.016626
0.003861
0.002618
0.011211
0.025044
0.018614
0.002079
0.001574
0.005928
0.020050
0.016855
0.002982
0.001510
0.011472
0.011284
0.002679
0.001503
0.010300
0.009545
0.006660
0.001514
0.001907
0.001540
0.019428
0.010837
0.021055
0.001830
0.003430
0.010407
0.006948
0.011810
0.002431
0.004294
0.006432
0.007381
0.001704
0.002531
0.001958
0.013472
0.003704
0.001522
0.001514
0.007230
0.008793
0.010121
0.014204
0.001555
0.001602
0.019220
0.012659
0.013470
0.001604
0.003295
0.007644
0.008378
0.009115
0.001962
0.001795
0.005831
0.011463
0.001942
0.001586
0.001897
0.025307
0.023936
0.002027
0.002360
0.001936
0.007726
0.005210
0.002003
0.002041
0.002008
0.041560
0.031111
0.003023
0.001517
0.003207
0.006328
0.008159
0.001977
0.001939
0.008296
0.015916
0.001853
0.002001
0.006951
0.013743
0.029666
0.003054
0.001540
0.002544
0.008801
0.007774
0.002617
0.004254
0.007346
0.030203
0.001653
0.001781
0.002802
0.006921
0.004154
0.001832
0.001448
0.008260
0.008564
0.008067
0.001742
0.001456
0.001749
0.007623
0.012248
0.011196
0.012720
0.001579
0.010835
0.016442
0.013047
0.001568
0.001635
0.008896
0.013290
0.001527
0.001589
0.001783
0.006171
0.005930
0.001548
0.003191
0.001698
0.008946
0.008006
0.001884
0.001990
0.009742
0.011041
0.001781
0.001926
0.004492
0.007195
0.016631
0.020765
0.002051
0.007405
0.008808
0.013011
0.002917
0.003188
0.001831
0.007933
0.003847
0.030741
0.001994
0.005958
0.011371
0.006620
0.001546
0.001658
0.003712
0.009774
0.033473
0.002963
0.001396
0.001804
0.003089
0.016430
0.001575
0.003333
0.001805
0.004682
0.006617
0.002466
0.001512
0.001882
0.002519
0.034728
0.001537
0.001838
0.009116
0.011625
0.035754
0.002704
0.002015
0.001912
0.009118
0.002100
0.001923
0.002102
0.001814
0.010729
0.037396
0.005105
0.001688
0.005299
0.002774
0.022413
0.005893
0.002345
0.002394
0.007153
0.008145
0.002167
0.001893
0.001870
0.008482
0.006426
0.001739
0.002043
0.004039
0.013393
0.005643
0.001491
0.002019
0.001558

0.011468
0.022587
0.001948
0.003077
0.008611
0.009698
0.001829
0.001864
0.007683
0.021313
0.003465
0.001876
0.001681
0.001881
0.033471
0.013128
0.025209
0.001983
0.007480
0.005111
0.010664
0.003026
0.001441
0.003374
0.006040
0.002725
0.001492
0.001888
0.004516
0.010654
0.011832
0.001897
0.001948
0.001914
0.011699
0.024265
0.003022
0.001511
0.002069
0.001926
0.008812
0.018065
0.001659
0.002043
0.001416
0.002114
0.006113
0.012209
0.007575
0.004408
0.001634
0.036342
0.015112
0.030588
0.002773
0.001792
0.015239
0.015029
0.014807
0.003292
0.002846
0.012983
0.011602
0.008917
0.002602
0.008149
0.008590
0.016175
0.001952
0.001937
0.010501
0.007061
0.060000
0.002122
0.002062
0.002016
0.010728
0.009611
0.010811
0.002020
0.001810
0.018259
0.002472
0.018604
0.001625
0.001578

0.010754
0.011579
0.001626
0.001551
0.001901
0.036061
0.007705
0.039621
0.002069
0.001867
0.011427
0.048112
0.005177
0.001751
0.005366
0.010895
0.004846
0.001960
0.003615
0.007979
0.010228
0.009236
0.008078
0.002420
0.002146
0.016808
0.002719
0.019719
0.001449
0.005845
0.012199
0.008725
0.001768
0.001946
0.001489
0.009305
0.018726
0.002511
0.001420
0.001823
0.024686
0.007785
0.002455
0.001840
0.005651
0.011096
0.028174
0.001934
0.001569
0.009544
0.006505
0.006320
0.001943
0.002580
0.006180
0.040836
0.008353
0.001618
0.002863
0.008039
0.002391
0.007632
0.001529
0.001954
0.004482
0.010491
0.007635
0.002478
0.002045
0.007121
0.004595
0.030199
0.001643
0.001853
0.005714
0.022189
0.016483
0.034559
0.001439
0.006230
0.004304
0.012372
0.002835
0.001905
0.007999
0.010700
0.001989
0.001957
0.002033
0.015411
0.009505
0.002043
0.001937
0.001532
0.007574
0.004646
0.009682
0.001443
0.005414
0.006364
0.009490
0.025968
0.001880
0.002062
0.011609
0.008192
0.001566
0.002080
0.005050
0.013479
0.007313
0.001507
0.001537
0.001508
0.008393
0.014956
0.021707
0.001977
0.005868
0.010804
0.009476
0.001652
0.001506
0.001488
0.008777
0.009524
0.001434
0.004921
0.009574
0.009448
0.001453
0.001751
0.003154
0.006343
0.006471
0.008372
0.003053
0.005874
0.009626
0.017319
0.001651
0.001981
0.007169
0.008837
0.005586
0.001600
0.001870
0.005690
0.033998
0.007229
0.001801
0.001370
0.002327
0.009834
0.021636
0.001444
0.001474
0.002000
0.005923
0.011658
0.001511
0.001260
0.001771
0.007560
0.008608
0.001742
0.001658
0.010213
0.020113
0.007948
0.001735
0.001604
0.002413
0.002399
0.011047
