0.001874
0.001249
0.001500
0.004206
0.035165
0.001399
0.001096
0.001208
0.003774
0.005280
0.017627
0.001138
0.002328
0.017003
0.005516
0.001213
0.001188
0.001136
0.004186
0.010437
0.051703
0.001111
0.001067
0.008458
0.046052
0.001255
0.001127
0.001240
0.005079
0.045124
0.052598
0.001081
0.001094
0.011500
0.010270
0.001120
0.001133
0.001175
0.004294
0.010930
0.001223
0.001221
0.001247
0.003372
0.012436
0.048926
0.001058
0.001062
0.005365
0.010413
0.036501
0.001103
0.001118
0.001103
0.019225
0.001154
0.001085
0.001071
0.001048
0.047402
0.001186
0.001012
0.001105
0.004275
0.010166
0.001155
0.001221
0.001019
0.002027
0.008395
0.008888
0.001258
0.001147
0.002305
0.010038
0.001187
0.002076
0.001111
0.001179
0.007006
0.001143
0.001148
0.001735
0.002146
0.026145
0.002151
0.001194
0.001130
0.001174
0.012744
0.001635
0.001606
0.001183
0.006685
0.007089
0.014591
0.001219
0.001214
0.003464
0.008674
0.001307
0.001227
0.001977
0.001081
0.012803
0.001185
0.002005
0.001160
0.006402
0.001298
0.001242
0.001118
0.002201
0.004316
0.001287
0.001235
0.001148
0.002169
0.001144
0.010588
0.001237
0.001940
0.001225
0.018480
0.016262
0.001207
0.002103
0.001140
0.001158
0.010690
0.001154
0.001113
0.001153
0.017619
0.009126
0.001272
0.002131
0.001156
0.005246
0.022907
0.001161
0.001207
0.000992
0.003703
0.005335
0.006565
0.002010
0.001180
0.004891
0.010872
0.001152
0.002051
0.001124
0.004763
0.030200
0.001233
0.001709
0.006771
0.008481
0.026586
0.001196
0.001155
0.007563
0.001415
0.001179
0.001181
0.001315
0.011010
0.009112
0.001894
0.001193
0.001128
0.005444
0.016568
0.009710
0.001501
0.001317
0.001208
0.006731
0.009704
0.001173
0.001953
0.001208
0.009022
0.009510
0.001198
0.001175
0.001663
0.013811
0.007901
0.001357
0.002282
0.001097
0.010761
0.023658
0.014695
0.001107
0.001236
0.001169
0.015979
0.001268
0.001161
0.001990
0.001100
0.008624
0.001341
0.001086
0.001088
0.004698
0.014598
0.013679
0.002057
0.001123
0.001159
0.006290
0.002043
0.002112
0.001163
0.011935
0.005338
0.001272
0.001212
0.001120
0.001328
0.010022
0.001190
0.001162
0.001230
0.003217
0.011593
0.001412
0.001161
0.001194
0.001091
0.008687
0.001417
0.002040
0.001221
0.007727
0.001226
0.001283
0.001214
0.001196
0.018603
0.001272
0.001179
0.001190
0.001118
0.002189
0.001682
0.008889
0.001169
0.001208
0.005556
0.012088
0.001308
0.001170
0.002233
0.010957
0.011214
0.001173
0.001148
0.001130
0.001124
0.011933
0.008355
0.001308
0.002361
0.008209
0.001471
0.001533
0.001207
0.002216
0.009488
0.014509
0.001142
0.002021
0.013985
0.019049
0.013588
0.001117
0.001361
0.001244
0.021344
0.001353
0.001121
0.001173
0.006613
0.017509
0.001866
0.001157
0.001169
0.023527
0.010329
0.001700
0.001139
0.001245
0.013652
0.001405
0.001159
0.002812
0.028505
0.052080
0.001304
0.001186
0.001139
0.005807
0.016012
0.001188
0.001233
0.001100
0.001097
0.046271
0.001190
0.001673
0.001162
0.001105
0.007574
0.014579
0.001269
0.001152
0.001071
0.015488
0.013277
0.001292
0.001113
0.001078
0.012438
0.014640
0.037756
0.001102
0.002106
0.016703
0.006005
0.001215
0.001139
0.001179
0.007112
0.009778
0.001079
0.001194
0.001158
0.005362
0.013789
0.002154
0.001161
0.001090
0.005564
0.001272
0.001326
0.001163
0.001204
0.008322
0.008371
0.001201
0.001262
0.001158
0.005392
0.009496
0.001448
0.001123
0.001109
0.001220
0.013196
0.007738
0.001335
0.001265
0.001204
0.004833
0.016466
0.010482
0.001159
0.001327
0.001132
0.008556
0.001259
0.001293
0.001587
0.001129
0.010896
0.001282
0.001156
0.001215
0.003284
0.001137
0.001275
0.001288
0.001179
0.008978
0.022862
0.001406
0.001384
0.001436
0.005326
0.016282
0.001296
0.001255
0.001102
0.001203
0.001184
0.009374
0.001580
0.001152
0.001224
0.005333
0.007460
0.001258
0.001333
0.001564
0.007522
0.015054
0.001098
0.001900
0.001187
0.004818
0.011986
0.002502
0.001222
0.001261
0.002306
0.015654
0.041886
0.001188
0.001080
0.001258
0.007483
0.001209
0.001114
0.001037
0.006197
0.009277
0.010634
0.001256
0.001180
0.001090
0.011213
0.006478
0.001136
0.001132
0.002129
0.007317
0.001233
0.001490
0.001256
0.001306
0.001121
0.008886
0.022374
0.001130
0.001193
0.003526
0.011312
0.001970
0.001112
0.001999
0.001151
0.003901
0.007662
0.001233
0.001126
0.001160
0.001166
0.013277
0.002359
0.001182
0.001370
0.004472
0.011589
0.001130
0.001166
0.001124
0.001100
0.016608
0.001562
0.001188
0.001238
0.010769
0.011709
0.001383
0.001158
0.001118
0.008647
0.001287
0.002286
0.001169
0.001180
0.001152
0.010857
0.001185
0.001355
0.001272
0.001155
0.004544
0.001155
0.001178
0.001198
0.001121
0.019959
0.004078
0.001315
