0.035029
0.014879
0.017373
0.005819
0.004355
0.009498
0.002330
0.003213
0.015526
0.019274
0.025787
0.018673
0.002665
0.021535
0.012254
0.036396
0.002286
0.011462
0.016396
0.005693
0.020377
0.007758
0.002306
0.019945
0.033370
0.034501
0.002762
0.007166
0.013358
0.026010
0.010152
0.002554
0.007933
0.006981
0.031868
0.015429
0.001874
0.005884
0.020713
0.034680
0.018455
0.012010
0.003923
0.007634
0.006833
0.009311
0.008950
0.012023
0.016727
0.006303
0.022710
0.017332
0.005699
0.007851
0.011123
0.021069
0.002043
0.007784
0.006148
0.012540
0.009348
0.017469
0.018297
0.014437
0.016970
0.017269
0.006817
0.003644
0.004800
0.011546
0.030052
0.016570
0.007065
0.018112
0.005412
0.021871
0.005471
0.009827
0.014283
0.016860
0.002897
0.003936
0.005460
0.015702
0.002966
0.012231
0.001999
0.002660
0.004230
0.028636
0.025282
0.012498
0.008925
0.003968
0.009249
0.028103
0.005822
0.005895
0.012565
0.005469
0.012268
0.010564
0.017499
0.012616
0.015716
0.007664
0.016132
0.006033
0.007157
0.051512
0.012244
0.015843
0.014009
0.034819
0.016464
0.017070
0.002219
0.006366
0.044643
0.055971
0.014353
0.013751
0.008403
0.013711
0.025196
0.010771
0.010082
0.011309
0.011947
0.016934
0.016115
0.010904
0.005698
0.014147
0.020552
0.016392
0.002827
0.004699
0.012791
0.013473
0.014225
0.003808
0.006830
0.017226
0.016145
0.006153
0.002802
0.002090
0.008371
0.033387
0.015178
0.002829
0.010147
0.012907
0.015890
0.016093
0.012026
0.003577
0.018952
0.025083
0.014034
0.012098
0.005294
0.017523
0.026039
0.026730
0.008850
0.012870
0.013714
0.029949
0.007951
0.006996
0.009624
0.010231
0.011063
0.015566
0.016440
0.010223
0.021475
0.010974
0.006545
0.002255
0.009649
0.038437
0.008704
0.017774
0.003023
0.012405
0.016448
0.027496
0.011514
0.008262
0.026243
0.020119
0.017175
0.002779
0.003944
0.021696
0.015772
0.003277
0.013684
0.013432
0.012543
0.022474
0.034253
0.013350
0.010393
0.011256
0.018015
0.026863
0.032387
0.007927
0.004780
0.028192
0.010275
0.011709
0.008135
0.016999
0.037417
0.017116
0.029509
0.002957
0.012461
0.025972
0.002554
0.001774
0.006568
0.013537
0.051014
0.025979
0.011138
0.002138
0.015788
0.013131
0.016251
0.002817
0.010772
0.015978
0.048268
0.013562
0.022493
0.003790
0.012921
0.027852
0.019874
0.012022
0.008937
0.025283
0.026477
0.021957
0.010610
0.004767
0.014430
0.037972
0.024453
0.002479
0.020805
0.023847
0.029796
0.015989
0.002762
0.005988
0.017846
0.012253
0.002317
0.005541
0.005357
0.011563
0.020112
0.013059
0.012738
0.007930
0.012916
0.010435
0.035199
0.022267
0.007275
0.010129
0.021256
0.014641
0.002471
0.004121
0.007483
0.029887
0.011934
0.002299
0.006966
0.026290
0.011611
0.023051
0.010464
0.015124
0.007069
0.052010
0.011494
0.002404
0.007132
0.014784
0.036226
0.008242
0.005347
0.006063
0.024492
0.052312
0.007169
0.006599
0.010450
0.024293
0.039049
0.011231
0.005557
0.006826
0.008254
0.024660
0.019356
0.002019
0.003136
0.012820
0.008711
0.014978
0.002173
0.010955
0.011252
0.015311
0.011276
0.014587
0.006400
0.009554
0.014505
0.022193
0.014450
0.005932
0.012651
0.010498
0.003867
0.002211
0.005021
0.007277
0.011894
0.022659
0.018887
0.001999
0.010590
0.012127
0.009517
0.004768
0.004817
0.011878
0.014360
0.016351
0.002681
0.006997
0.017668
0.023066
0.015221
0.003270
0.009750
0.014823
0.013768
0.020454
0.015774
0.003759
0.009961
0.019604
0.011421
0.023790
0.004315
0.026342
0.014360
0.008073
0.017925
0.009557
0.007444
0.023165
0.019699
0.015258
0.001810
0.008399
0.016794
0.011587
0.034409
0.002899
0.011700
0.020952
0.006131
0.017253
0.002789
0.008270
0.011384
0.016689
0.015233
0.007277
0.005936
0.010787
0.015212
0.016062
0.007050
0.004758
0.017952
0.037736
0.013520
0.005087
0.011990
0.014796
0.046141
0.011639
0.010698
0.005094
0.011159
0.014281
0.016349
0.003807
0.008340
0.007030
0.006007
0.003225
0.006466
0.006334
0.013406
0.015278
0.008593
0.016393
0.026883
0.012510
0.012633
0.005708
0.024780
0.012901
0.036387
0.001988
0.009480
0.016083
0.014845
0.014156
0.009805
0.002036
0.010532
0.018274
0.050897
0.023758
0.013653
0.002352
0.013069
0.019515
0.017756
0.022905
0.007127
0.011165
0.027721
0.026169
0.012764
0.012206
0.004094
0.013917
0.020102
0.021896
0.010331
0.004405
0.007721
0.009966
0.026857
0.002473
0.006479
0.011048
0.040001
0.016246
0.012431
0.003790
0.026067
0.022615
0.019735
0.014859
0.009314
0.016256
0.016538
0.014565
0.011687
0.005060
0.012697
0.019258
0.007814
0.003509
0.004810
0.030990
0.009713
0.012746
0.002864
0.021582
0.013633
0.019180
0.018878
0.010640
0.009083
0.012502
0.050726
0.039286
0.002012
0.014889
0.016845
0.026983
