0.001639
0.001737
0.002985
0.009021
0.011623
0.001942
0.002100
0.001954
0.004967
0.041994
0.011315
0.005835
0.001765
0.002079
0.006116
0.006081
0.002736
0.001968
0.001985
0.006013
0.009894
0.010755
0.001949
0.001931
0.001979
0.002565
0.027013
0.054546
0.002037
0.001940
0.001640
0.029863
0.028064
0.001571
0.001914
0.005751
0.007737
0.025032
0.002725
0.001740
0.007676
0.008945
0.021299
0.029710
0.001916
0.006135
0.019996
0.005211
0.001967
0.001828
0.001881
0.015883
0.011739
0.011004
0.002010
0.007081
0.005718
0.001606
0.001951
0.002008
0.004031
0.012108
0.006492
0.002022
0.001600
0.006938
0.001740
0.006906
0.001839
0.001756
0.001943
0.018321
0.009623
0.001973
0.001502
0.001979
0.008039
0.009688
0.001516
0.001900
0.001839
0.009197
0.013541
0.001349
0.002167
0.005723
0.007047
0.007515
0.001660
0.003325
0.003527
0.013202
0.017964
0.030726
0.010149
0.002995
0.011186
0.009442
0.023825
0.001587
0.014143
0.010094
0.006529
0.002017
0.001815
0.001743
0.007431
0.006793
0.001826
0.002060
0.006925
0.018668
0.030047
0.002099
0.001577
0.001664
0.013208
0.009546
0.002320
0.001946
0.006905
0.010752
0.005649
0.001899
0.002516
0.005440
0.012578
0.011237
0.002096
0.002140
0.005898
0.020650
0.015458
0.002478
0.001991
0.001696
0.010771
0.027080
0.001395
0.001913
0.007059
0.026125
0.009753
0.001362
0.001835
0.001517
0.021673
0.021585
0.002029
0.003333
0.001753
0.008419
0.006256
0.002987
0.001951
0.001853
0.010462
0.010470
0.002323
0.001792
0.010798
0.001859
0.011311
0.002743
0.002096
0.004001
0.011320
0.017421
0.002655
0.001526
0.001480
0.027649
0.015177
0.001976
0.001951
0.001941
0.010119
0.009498
0.001758
0.001453
0.001545
0.015035
0.015376
0.002223
0.001820
0.001714
0.019502
0.005702
0.008920
0.002001
0.008958
0.008650
0.009271
0.001530
0.001587
0.001939
0.007549
0.023407
0.001640
0.001774
0.001955
0.009112
0.010573
0.001611
0.001478
0.001814
0.045685
0.001859
0.001611
0.002580
0.002012
0.008349
0.005745
0.001371
0.002853
0.001830
0.011769
0.008934
0.001655
0.001992
0.002415
0.004978
0.012369
0.001948
0.001843
0.001962
0.006895
0.010973
0.001601
0.001351
0.001997
0.008452
0.001798
0.001358
0.003145
0.002109
0.009230
0.011482
0.001437
0.003510
0.011727
0.004092
0.002306
0.002920
0.026295
0.004487
0.001585
0.001471
0.001583
0.008376
0.016745
0.002335
0.003934
0.001601
0.016543
0.011001
0.001730
0.001677
0.008251
0.010446
0.008176
0.002159
0.004773
0.010510
0.024696
0.034915
0.002136
0.002688
0.002155
0.011789
0.011145
0.020999
0.001657
0.001534
0.004289
0.005513
0.012203
0.002071
0.001561
0.005485
0.006145
0.002060
0.001766
0.001813
0.001532
0.008311
0.030696
0.002280
0.001622
0.002474
0.025138
0.023016
0.001729
0.001924
0.006197
0.016023
0.027222
0.001703
0.001625
0.001554
0.026749
0.006794
0.001654
0.001973
0.001939
0.008057
0.012244
0.002165
0.001850
0.001856
0.007904
0.011583
0.003001
0.001714
0.001607
0.010285
0.009829
0.002805
0.002008
0.002014
0.022610
0.001813
0.001959
0.001611
0.002462
0.008170
0.018263
0.001941
0.001873
0.001650
0.001762
0.010793
0.040580
0.001495
0.001474
0.006507
0.008764
0.010864
0.001742
0.001387
0.009026
0.010853
0.022329
0.001907
0.001639
0.006778
0.002220
0.011614
0.002055
0.002677
0.007215
0.002288
0.006018
0.001633
0.002259
0.004040
0.020150
0.030009
0.001622
0.001482
0.007208
0.010882
0.011359
0.003020
0.002002
0.005537
0.009986
0.016483
0.001373
0.001978
0.001938
0.009255
0.032757
0.001392
0.001860
0.001880
0.003288
0.005512
0.001831
0.002060
0.010689
0.004910
0.001886
0.001484
0.003252
0.001947
0.012872
0.010410
0.001497
0.001302
0.001824
0.004651
0.009771
0.029315
0.008887
0.001649
0.005796
0.006768
0.002149
0.013886
0.006718
0.006583
0.007441
0.004348
0.013811
0.002610
0.009953
0.009489
0.025020
0.002717
0.002551
0.008812
0.009145
0.017351
0.001612
0.001649
0.005159
0.008133
0.005675
0.031785
0.001917
0.007154
0.009658
0.010617
0.001735
0.002761
0.005885
0.010741
0.001913
0.002042
0.001875
0.049892
0.039854
0.001584
0.003001
0.008594
0.006100
0.010505
0.001617
0.001561
0.003696
0.009306
0.002570
0.001747
0.002275
0.001866
0.009823
0.011966
0.001897
0.003067
0.001854
0.011027
0.012791
0.001772
0.001785
0.001899
0.008359
0.015309
0.003213
0.002176
0.006012
0.007552
0.008810
0.002768
0.001974
0.005814
0.011051
0.005826
0.003068
0.002041
0.004485
0.014135
0.005626
0.001970
0.002109
0.001940
0.012159
0.010838
0.001397
0.002037
0.008219
0.008204
0.009394
0.001516
0.001929
0.005706
0.012127
0.023102
0.001482
0.002010
0.001616
0.011692
0.005753
0.002549
0.001471
0.006699
0.001893
0.005213
0.001675
0.002022
