0.005719
0.003383
0.003461
0.009777
0.014783
0.015716
0.001523
0.008003
0.007685
0.013521
0.035916
0.022828
0.009610
0.015925
0.009322
0.011319
0.027817
0.007623
0.006393
0.016713
0.030710
0.015230
0.009679
0.011607
0.013370
0.025253
0.025881
0.008930
0.010974
0.025220
0.018123
0.015538
0.001512
0.006736
0.014189
0.052670
0.010623
0.010610
0.006521
0.019157
0.005580
0.008096
0.009821
0.012065
0.008818
0.011370
0.002666
0.011798
0.011371
0.015618
0.015835
0.001494
0.001536
0.018086
0.011439
0.011342
0.001831
0.002108
0.002483
0.041634
0.018746
0.008432
0.008274
0.006524
0.004503
0.052294
0.004730
0.004731
0.017269
0.021102
0.030747
0.001673
0.001464
0.003668
0.011328
0.017716
0.008519
0.002100
0.016974
0.016412
0.016363
0.001657
0.002693
0.005986
0.010385
0.027954
0.006927
0.006019
0.006454
0.014246
0.006852
0.008360
0.008073
0.014996
0.011372
0.025092
0.023490
0.015070
0.007577
0.008252
0.028182
0.010366
0.001460
0.008387
0.018554
0.018395
0.001769
0.001287
0.007026
0.019482
0.002412
0.013821
0.002317
0.005237
0.030253
0.038424
0.045214
0.013578
0.006999
0.021450
0.003264
0.007151
0.014315
0.016457
0.019602
0.018187
0.001304
0.010626
0.007942
0.015023
0.021974
0.010700
0.001426
0.013911
0.016073
0.018783
0.001653
0.009740
0.006459
0.015266
0.016956
0.021290
0.012219
0.002082
0.008441
0.006854
0.014415
0.002255
0.008609
0.012302
0.023111
0.001650
0.006889
0.005785
0.011438
0.001787
0.006890
0.001904
0.003116
0.007667
0.025204
0.010817
0.007333
0.013438
0.013747
0.023943
0.004247
0.010436
0.009629
0.021457
0.024159
0.001649
0.001461
0.005646
0.010860
0.038574
0.004475
0.001557
0.007427
0.023504
0.032909
0.004723
0.013102
0.006910
0.024257
0.018355
0.002868
0.007615
0.015208
0.013466
0.015391
0.002033
0.009631
0.011728
0.009681
0.002818
0.001426
0.011429
0.011722
0.024556
0.009534
0.007219
0.008783
0.007688
0.019620
0.009737
0.017327
0.018208
0.004582
0.006452
0.030273
0.008865
0.015134
0.016235
0.024229
0.034477
0.001461
0.013313
0.002613
0.015054
0.001658
0.012527
0.011969
0.009119
0.008808
0.012763
0.006803
0.049661
0.063746
0.022451
0.002492
0.014676
0.011933
0.012624
0.001955
0.001763
0.004399
0.005770
0.008195
0.002494
0.001890
0.015485
0.049897
0.027050
0.001634
0.006962
0.009195
0.009771
0.016040
0.005627
0.016509
0.001605
0.002633
0.011667
0.024885
0.009571
0.006695
0.004542
0.009710
0.004604
0.011503
0.001428
0.004259
0.024417
0.028433
0.002878
0.008510
0.011764
0.020530
0.010931
0.006820
0.002464
0.006015
0.012268
0.016054
0.001738
0.014047
0.007514
0.017680
0.006702
0.001394
0.010261
0.015344
0.014475
0.016221
0.006840
0.001437
0.011326
0.016432
0.007155
0.013508
0.001406
0.007245
0.011716
0.001506
0.016649
0.002690
0.011270
0.016221
0.020376
0.009971
0.016689
0.023374
0.015622
0.024979
0.011545
0.024054
0.014331
0.017656
0.008795
0.001488
0.016374
0.027234
0.010644
0.018501
0.006408
0.009504
0.024761
0.002804
0.011835
0.015603
0.012254
0.017348
0.005198
0.032364
0.015878
0.010803
0.029019
0.043893
0.012548
0.007328
0.010208
0.024302
0.017444
0.034191
0.005663
0.029625
0.005837
0.003021
0.001909
0.004441
0.010267
0.016319
0.006653
0.011255
0.013489
0.021914
0.024422
0.001652
0.008354
0.006805
0.013039
0.009726
0.005806
0.015770
0.010842
0.011417
0.006577
0.008799
0.011558
0.003820
0.019742
0.014206
0.013787
0.001638
0.005371
0.017522
0.007347
0.024543
0.011903
0.015295
0.012404
0.006089
0.001461
0.001765
0.008217
0.011856
0.026370
0.005087
0.001617
0.001447
0.007325
0.008357
0.011932
0.001439
0.004456
0.011793
0.008093
0.008665
0.001441
0.001570
0.008742
0.014870
0.002282
0.011659
0.001580
0.020169
0.015839
0.015512
0.004862
0.016479
0.005703
0.023529
0.051488
0.001382
0.010528
0.008202
0.022038
0.030522
0.001737
0.001377
0.006567
0.043693
0.051484
0.001600
0.010817
0.010444
0.009807
0.025167
0.003200
0.009889
0.007569
0.023124
0.017296
0.008999
0.006207
0.002278
0.013310
0.047744
0.020745
0.009995
0.003206
0.023272
0.017256
0.004467
0.002721
0.004532
0.009235
0.019236
0.006242
0.008876
0.012252
0.010820
0.011776
0.005331
0.012097
0.002341
0.021841
0.016507
0.006503
0.002850
0.023476
0.016265
0.018502
0.002079
0.003375
0.008988
0.007988
0.033848
0.015524
0.014785
0.004733
0.051259
0.016780
0.033358
0.013876
0.001582
0.011622
0.012761
0.001683
0.014009
0.016792
0.008158
0.017235
0.009643
0.002124
0.020040
0.011293
0.052386
0.008609
0.001468
0.010443
0.010977
0.021749
0.001522
0.010377
0.003541
0.010562
0.009124
0.001545
0.010508
0.005454
0.020305
0.020493
0.018191
0.014505
0.005047
0.008194
0.048523
0.025620
