0.009098
0.008486
0.003545
0.024130
0.003580
0.012090
0.008705
0.019482
0.009697
0.020043
0.002023
0.011438
0.012057
0.010119
0.003454
0.002036
0.003754
0.010553
0.008523
0.002320
0.002062
0.009863
0.011039
0.010899
0.008756
0.001855
0.004545
0.009080
0.010489
0.003067
0.003395
0.010983
0.010846
0.003338
0.002098
0.002281
0.005518
0.008184
0.009511
0.002488
0.005159
0.010420
0.045370
0.010043
0.002831
0.006860
0.008757
0.012226
0.011208
0.003642
0.002292
0.003838
0.019736
0.002763
0.004537
0.009207
0.011644
0.010608
0.002330
0.002238
0.010647
0.007448
0.036551
0.001619
0.003062
0.012035
0.008828
0.010789
0.002059
0.001981
0.010169
0.006871
0.006416
0.028705
0.002267
0.010817

0.010292
0.003636
0.001873
0.010604
0.006642
0.008592
0.001912
0.009032
0.010795
0.011032
0.011922
0.006307
0.002283
0.002936
0.009047
0.010490
0.002323
0.002186
0.007642
0.010960
0.031396
0.002063
0.001938
0.008646
0.006868
0.025143
0.003361
0.003226
0.006826
0.009118
0.003222
0.002277
0.004576
0.011294
0.011110
0.004408
0.002095
0.004228
0.012099
0.008533
0.012444
0.003612
0.005168
0.009133
0.004909
0.008270
0.002570
0.003923
0.011436
0.005039
0.004399
0.002151
0.004738
0.011979
0.006144
0.009395
0.002383
0.002764
0.010859
0.010489
0.009810
0.002436
0.002469
0.006673
0.007339
0.010800
0.001914
0.007260
0.002273
0.007177
0.011355
0.015520
0.002245
0.003128
0.008146
0.011637
0.002489
0.009491
0.007366
0.007178
0.010453
0.002372
0.002885
0.002398
0.010003
0.021000
0.008764
0.002201
0.004379
0.007580
0.008163
0.005467
0.002303
0.002256
0.008286
0.018005
0.027553
0.024828
0.007475
0.009635
0.010876
0.003047
0.003409
0.002134
0.011922
0.010317
0.032330
0.002188
0.004365
0.013331
0.006083
0.032938
0.001875
0.002365
0.003352
0.023625
0.004587
0.010510
0.008950
0.008626
0.002434
0.002405
0.007689
0.006847
0.028532
0.002785
0.002154
0.002586
0.007180
0.033298
0.001807
0.002339
0.011801
0.012470
0.038855
0.002293
0.002192
0.012043
0.009988
0.011477
0.002111
0.008430
0.014568
0.005333
0.017286
0.002389
0.002688
0.012335
0.008353
0.005187
0.012663
0.003013
0.011293
0.022000
0.006465
0.002410
0.002391
0.003768
0.008228
0.028099
0.003058
0.002871
0.010362
0.011330
0.022774
0.002347
0.002546
0.002749
0.007531
0.012883
0.043599
0.002588
0.002250
0.012873
0.010309
0.011607
0.002235
0.002438
0.009098
0.011281
0.030319
0.001929
0.010760
0.010087
0.004982
0.004725
0.002858
0.002370
0.011037
0.013704
0.010573
0.002853
0.002220
0.018902
0.009250
0.028438
0.002811
0.002291
0.010160
0.013380
0.050189
0.002372
0.005982
0.009111
0.035887
0.002150
0.002266
0.010252
0.010903
0.011667
0.001974
0.007655
0.008279
0.004644
0.010682
0.029856
0.002280
0.012504
0.015709
0.003949
0.002738
0.003469
0.011985
0.006696
0.007722
0.002421
0.004024
0.013318
0.010504
0.004915
0.002244
0.003232
0.011461
0.012110
0.020596
0.001916
0.005780
0.002910
0.011878

0.002877
0.011115
0.007105
0.012627
0.007538
0.004295
0.003964
0.016140
0.007453
0.012071
0.001927
0.004543
0.020636

0.006448
0.002394
0.002372
0.010758
0.020557
0.018274
0.002866
0.009491
0.008007
0.009128
0.015397
0.002421
0.002148
0.010554
0.011927
0.005138
0.011699
0.002363
0.004770
0.010522
0.010803
0.002302
0.002188
0.009873
0.018912
0.006351
0.002306
0.001761
0.002487

0.030333
0.001908
0.002195
0.009777
0.010627
0.016415
0.002489
0.003185
0.009426
0.006455
0.002767
0.002397
0.010681
0.006176
0.010823
0.002572
0.002265
0.002663
0.012126
0.020494
0.002442
0.003355
0.011816
0.014507
0.025930
0.002069
0.002445
0.003017
0.006739
0.009653
0.002819
0.002232
0.011282
0.012283
0.011307
0.002057
0.002167
0.010699
0.010147
0.040287
0.002405
0.002840
0.011337
0.021273
0.011668
0.001735
0.002566
0.011360
0.025526
0.004089
0.001918
0.004946
0.009442
0.012676
0.020182
0.003380
0.002971
0.015915
0.044971
0.007720
0.001729
0.002221
0.011272
0.005984
0.008866
0.003451
0.011541
0.009448
0.004015
0.003445
0.002361
0.007705
0.010847
0.012322
0.032749
0.002226
0.011366
0.011759
0.032330
0.002249
0.004353
0.010093
0.011126
0.004761
0.001860
0.005301
0.013189
0.005667
0.012589
0.002185
0.002310
0.006905
0.008860
0.008632
0.002027
0.002665
0.012057
0.014097
0.007247
0.002438
0.002152
0.003245
0.010836
0.008616
0.002295
0.004507
0.011269
0.009807
0.030069
0.002571
0.002364
0.006084
0.008472
0.008373
0.013668
0.002400
0.007288
0.027278
0.036516
0.001718
0.005153
0.011266
0.007727
0.026709
0.002131
0.004191
0.010860
0.014916
0.004853
0.003396
0.004553
0.010999
0.015808
0.005260
0.002252
0.005221
0.015888
0.009191
0.004563
