0.001069
0.001172
0.014786
0.010518
0.001904
0.001223
0.001126
0.010972
0.022358
0.001935
0.001052
0.001087
0.001157
0.008177
0.001759
0.001314
0.001220
0.001249
0.008331
0.001137
0.001193
0.002040
0.006196
0.008544
0.001253
0.001184
0.002048
0.001284
0.010155
0.001189
0.002113
0.001157
0.005223
0.006322
0.001244
0.001263
0.001153
0.004950
0.035653
0.001345
0.002060
0.001112
0.004828
0.004986
0.001090
0.001200
0.001189
0.001169
0.009195
0.001055
0.000997
0.001102
0.001123
0.001233
0.001408
0.001184
0.001224
0.007586
0.002885
0.001742
0.001130
0.001133
0.006516
0.007299
0.001117
0.001143
0.002014
0.003127
0.010344
0.001090
0.001261
0.001166
0.001279
0.009338
0.001243
0.001104
0.001179
0.001134
0.008176
0.017504
0.001186
0.001137
0.012779
0.003393
0.001253
0.001160
0.001168
0.001987
0.016759
0.001104
0.001094
0.002075
0.008517
0.050154
0.001553
0.002197
0.001208
0.001161
0.017185
0.001353
0.002111
0.012462
0.001304
0.016576
0.001301
0.001070
0.001897
0.001721
0.011605
0.001676
0.001510
0.001124
0.003265
0.011608
0.001242
0.001137
0.001125
0.004252
0.026868
0.006298
0.001222
0.001526
0.019083
0.010789
0.001024
0.001075
0.001202
0.007447
0.008750
0.001210
0.001227
0.001204
0.001236
0.036954
0.001146
0.001109
0.001173
0.006347
0.002032
0.001597
0.001231
0.001083
0.001153
0.006557
0.007397
0.001097
0.001119
0.002470
0.019151
0.001279
0.001204
0.001063
0.001152
0.014396
0.001945
0.001166
0.002202
0.007382
0.011968
0.001238
0.001138
0.001164
0.004031
0.007908
0.001550
0.001232
0.001188
0.001287
0.009875
0.051426
0.001635
0.001153
0.001249
0.023698
0.001124
0.001151
0.001222
0.004208
0.021255
0.000978
0.001170
0.001223
0.006759
0.017912
0.001168
0.001205
0.001225
0.006345
0.014104
0.009705
0.001120
0.001270
0.004357
0.048013
0.001370
0.001241
0.001219
0.010533
0.010584
0.001240
0.001501
0.001098
0.003185
0.006608
0.001097
0.001288
0.001197
0.002263
0.013227
0.001400
0.001918
0.001080
0.001102
0.008822
0.001859
0.001149
0.002051
0.002611
0.010133
0.001219
0.001205
0.001088
0.004325
0.015331
0.002093
0.001242
0.001216
0.000993
0.006304
0.013336
0.020400
0.001186
0.001187
0.001150
0.010021
0.001317
0.001194
0.001268
0.001117
0.020361
0.002351
0.001159
0.001140
0.004425
0.006258
0.002154
0.001126
0.001140
0.001204
0.001996
0.001171
0.001170
0.001060
0.001268
0.046097
0.001359
0.001255
0.001263
0.002248
0.006519
0.010324
0.001240
0.001092
0.001184
0.011448
0.001186
0.001222
0.001653
0.001149
0.001266
0.004017
0.001178
0.009092
0.001157
0.001284
0.002032
0.001596
0.011740
0.003362
0.012777
0.001152
0.001076
0.001211
0.011372
0.007535
0.001777
0.001174
0.001496
0.001215
0.001325
0.001880
0.001130
0.002179
0.005552
0.005323
0.012600
0.001140
0.001165
0.001225
0.046520
0.001321
0.001214
0.001118
0.006139
0.006586
0.001214
0.001111
0.001087
0.005238
0.001210
0.001137
0.002213
0.001089
0.006824
0.018284
0.001717
0.001107
0.001391
0.001249
0.011806
0.001656
0.001726
0.001163
0.001121
0.002164
0.011303
0.008545
0.001194
0.001158
0.003816
0.002050
0.001238
0.001179
0.014482
0.004430
0.001643
0.001417
0.001174
0.011675
0.021326
0.050702
0.001176
0.001150
0.001200
0.009316
0.001305
0.004213
0.006157
0.001242
0.007986
0.002096
0.001105
0.001217
0.008308
0.011242
0.001244
0.001223
0.001209
0.005218
0.001452
0.001176
0.001247
0.001080
0.002204
0.009295
0.001081
0.001191
0.001134
0.004248
0.008582
0.001202
0.001141
0.001182
0.003402
0.010650
0.001735
0.001599
0.001173
0.033252
0.001165
0.001183
0.001192
0.005181
0.026371
0.001242
0.001091
0.001215
0.001128
0.014879
0.001648
0.001197
0.001112
0.001200
0.007424
0.001148
0.001149
0.001233
0.007387
0.012612
0.001187
0.001106
0.001190
0.001242
0.001304
0.001146
0.001219
0.001199
0.007976
0.001158
0.001371
0.001129
0.001095
0.008348
0.013235
0.002282
0.001069
0.001149
0.001189
0.009738
0.001121
0.001086
0.001176
0.008188
0.021492
0.010768
0.001214
0.002055
0.001199
0.008450
0.001120
0.001167
0.001094
0.017338
0.026698
0.001991
0.001093
0.006034
0.001079
0.007953
0.001374
0.002037
0.001755
0.001248
0.025569
0.008801
0.001440
0.002286
0.001162
0.002472
0.011265
0.001836
0.001881
0.001951
0.008274
0.011408
0.001109
0.001104
0.001104
0.009906
0.017594
0.005240
0.001585
0.001105
0.012111
0.014675
0.001218
0.001232
0.001124
0.016584
0.014709
0.000975
0.001223
0.001172
0.011978
0.011795
0.001317
0.001375
0.001144
0.001160
0.041718
0.002052
0.001245
0.001582
0.003928
0.051792
0.002035
0.001136
0.001237
0.006786
0.015138
0.001159
0.001038
0.001639
0.014053
0.011043
0.001276
0.001799
0.001210
0.001143
0.009454
