0.002048
0.001730
0.003980
0.015869
0.009988
0.001827
0.002207
0.008046
0.009274
0.010450
0.018332
0.001695
0.006808
0.011390
0.036231
0.001829
0.001733
0.002060
0.017723
0.007849
0.002903
0.010555
0.003681
0.006101
0.005790
0.002605
0.001655
0.002860
0.008457
0.009385
0.002145
0.001681
0.003921
0.009923
0.016472
0.002111
0.001944
0.006124
0.009744
0.002640
0.002033
0.003425
0.007417
0.017221
0.041520
0.001764
0.001448
0.002941
0.008837
0.011058
0.001736
0.001624
0.007096
0.011511
0.029749
0.001490
0.002589
0.006739
0.010892
0.010521
0.002520
0.001898
0.001932
0.007349
0.010721
0.002045
0.001813
0.008116
0.021901
0.007605
0.001736
0.003390
0.006077
0.011270
0.014550
0.002354
0.002207
0.005037
0.013222
0.002890
0.002099
0.001765
0.004427
0.010527
0.021870
0.002713
0.001916
0.007362
0.009964
0.019732
0.001952
0.003762
0.001889
0.005359
0.014840
0.001907
0.003625
0.002067
0.010371
0.002069
0.001920
0.001899
0.001914
0.001995
0.008236
0.001959
0.001974
0.005016
0.005328
0.035221
0.002928
0.001973
0.006903
0.012007
0.048899
0.001777
0.001897
0.006280
0.009971
0.005783
0.001865
0.001676
0.003923
0.021329
0.018623
0.002108
0.001959
0.002000
0.008203
0.001924
0.011513
0.001988
0.005035
0.018268
0.010047
0.001824
0.001902
0.003354
0.023691
0.007453
0.001908
0.001897
0.006073
0.010954
0.008381
0.001819
0.001958
0.016898
0.009417
0.017307
0.019669
0.003434
0.008204
0.014061
0.040076
0.002378
0.001844
0.011174
0.005785
0.010840
0.001943
0.002033
0.002861
0.020880
0.036346
0.002003
0.001660
0.005963
0.008555
0.010630
0.002047
0.002001
0.008061
0.027336
0.071738
0.001601
0.001910
0.007454
0.006753
0.006372
0.002659
0.001864
0.004109
0.016521
0.015416
0.001738
0.002493
0.002019
0.015173
0.036497
0.003996
0.001970
0.006256
0.011032
0.022367
0.001791
0.002035
0.001848
0.001846
0.005972
0.019464
0.001823
0.001913
0.001965
0.007291
0.003543
0.001902
0.001883
0.007583
0.007527
0.012451
0.001839
0.001868
0.005214
0.010028
0.022407
0.001980
0.001735
0.002017
0.008232
0.036686
0.002636
0.001847
0.001998
0.004786
0.017913
0.001593
0.001878
0.004956
0.007710
0.008958
0.001705
0.001924
0.006479
0.008556
0.009671
0.014332
0.001878
0.002232
0.010346
0.021329
0.001953
0.001783
0.001792
0.010435
0.010762
0.002796
0.002105
0.001912
0.012659
0.008070
0.001874
0.001858
0.001732
0.011423
0.006167
0.001721
0.001733
0.002951
0.008477
0.031424
0.001839
0.002450
0.009204
0.007097
0.020135
0.001844
0.001789
0.001883
0.013937
0.011658
0.002092
0.001966
0.001829
0.019726
0.006591
0.004225
0.001804
0.005243
0.016022
0.004686
0.001905
0.001888
0.001892
0.009706
0.029492
0.002008
0.002473
0.001791
0.010411
0.020814
0.019128
0.001941
0.001889
0.010675
0.002245
0.002659
0.001829
0.007570
0.011651
0.001724
0.001831
0.001903
0.005160
0.006873
0.016830
0.001720
0.001689
0.001826
0.008747
0.027865
0.001770
0.001697
0.005101
0.009470
0.010759
0.001979
0.002018
0.002074
0.009556
0.011251
0.002504
0.001753
0.007291
0.007767
0.043455
0.001847
0.002819
0.002992
0.007667
0.015267
0.003065
0.001984
0.007527
0.023227
0.002667
0.001765
0.001858
0.007101
0.010206
0.011492
0.002186
0.002356
0.006316
0.011808
0.010727
0.002060
0.001923
0.005417
0.013907
0.008546
0.002926
0.001886
0.002759
0.011241
0.024167
0.001876
0.002010
0.002945
0.011133
0.039943
0.002148
0.001982
0.003763
0.034145
0.007608
0.001795
0.001931
0.006750
0.031849
0.001750
0.001840
0.001993
0.007300
0.010399
0.005030
0.015029
0.001826
0.003002
0.007637
0.009747
0.001775
0.001707
0.001725
0.011203
0.002210
0.001911
0.002008
0.001891
0.012423
0.012065
0.003517
0.003534
0.003120
0.007664
0.030198
0.005013
0.001980
0.007877
0.005804
0.040116
0.002615
0.001994
0.003028
0.029388
0.001714
0.002911
0.001958
0.001870
0.008784
0.009621
0.001812
0.001843
0.001913
0.013571
0.016315
0.001743
0.002107
0.001942
0.024967
0.047863
0.001838
0.001732
0.002599
0.011843
0.008893
0.001982
0.002024
0.007175
0.018647
0.022513
0.001955
0.001945
0.001822
0.007000
0.019048
0.001799
0.001881
0.001784
0.019214
0.011093
0.001843
0.001647
0.004668
0.004851
0.010299
0.002120
0.001762
0.003007
0.008123
0.014947
0.002126
0.001947
0.011222
0.017320
0.005116
0.001886
0.001966
0.003982
0.011285
0.023628
0.002438
0.001873
0.001865
0.021965
0.009743
0.001949
0.001894
0.001935
0.009861
0.015756
0.001784
0.002659
0.006135
0.010537
0.009239
0.002021
0.001903
0.008377
0.023977
0.001652
0.001966
0.004228
0.016419
0.029456
0.002001
0.001810
0.001983
0.007833
0.007801
0.014343
0.001887
0.001825
0.006913
0.016923
0.013405
0.001811
0.001956
0.002935
0.014245
