0.015424
0.012753
0.030151
0.024595
0.027580
0.022634
0.019688
0.006487
0.012422
0.024097
0.020920
0.021714
0.010989
0.017129
0.017388
0.027141
0.002572
0.010950
0.015986
0.012845
0.010597
0.004153
0.011122
0.027676
0.051847
0.019729
0.009755
0.002099
0.023105
0.031294
0.026415
0.005517
0.006379
0.017869
0.018518
0.009216
0.007269
0.013448
0.015540
0.015807
0.012022
0.006212
0.014110
0.010946
0.010289
0.021242
0.002535
0.006179
0.011289
0.016879
0.034608
0.010711
0.005419
0.008479
0.009200
0.013373
0.009555
0.012733
0.013924
0.028455
0.027519
0.002279
0.007297
0.014934
0.038777
0.026874
0.012675
0.020781
0.020975
0.033220
0.014681
0.006619
0.011028
0.024351
0.038872
0.011870
0.008491
0.011920
0.013377
0.015942
0.009859
0.008252
0.010523
0.012690
0.027026
0.002757
0.009887
0.019987
0.006288
0.010626
0.010682
0.007204
0.009195
0.052438
0.014915
0.004635
0.024615
0.021895
0.051260
0.022292
0.002935
0.004667
0.013925
0.052879
0.011785
0.015503
0.008180
0.016389
0.021537
0.003002
0.015386
0.015587
0.034490
0.059123
0.009247
0.010037
0.014041
0.010634
0.005974
0.017712
0.010962
0.016247
0.019698
0.010805
0.006302
0.005200
0.034943
0.034313
0.028568
0.012872
0.006863
0.017416
0.048126
0.012467
0.012745
0.010442
0.021266
0.032476
0.009515
0.012724
0.008047
0.019827
0.029694
0.015851
0.002591
0.007595
0.009683
0.011862
0.026422
0.012088
0.009542
0.011408
0.007454
0.038932
0.025494
0.006042
0.027799
0.025893
0.018826
0.012111
0.012337
0.006576
0.031617
0.028712
0.002863
0.007258
0.026228
0.015946
0.012529
0.003945
0.002141
0.005040
0.011058
0.053112
0.026853
0.008460
0.012149
0.023505
0.011533
0.023634
0.002417
0.007048
0.015912
0.029487
0.013791
0.002146
0.012402
0.020615
0.053096
0.009008
0.014571
0.005623
0.003164
0.023173
0.037220
0.013540
0.008422
0.007388
0.010265
0.026503
0.025632
0.002638
0.012226
0.015821
0.039330
0.012132
0.007682
0.013421
0.016136
0.021209
0.020696
0.002561
0.011338
0.025052
0.044107
0.011226
0.002339
0.026467
0.021815
0.030396
0.005455
0.020961
0.012227
0.010511
0.036209
0.028120
0.007821
0.006328
0.015899
0.052135
0.009342
0.009293
0.013023
0.014378
0.011743
0.005118
0.003545
0.019820
0.035564
0.016831
0.002975
0.011047
0.013244
0.051472
0.015945
0.019365
0.006504
0.011417
0.045026
0.004829
0.008001
0.002308
0.014433
0.028487
0.035983
0.002954
0.010363
0.007171
0.036689
0.024159
0.002346
0.021922
0.026905
0.025701
0.016019
0.002643
0.009128
0.030829
0.058088
0.023221
0.027428
0.010046
0.011516
0.014570
0.008291
0.009421
0.012698
0.015613
0.015787
0.015982
0.002470
0.003336
0.013663
0.010319
0.017794
0.003018
0.008851
0.011121
0.013060
0.010805
0.006544
0.002781
0.009807
0.028040
0.034885
0.016772
0.006927
0.005953
0.019916
0.023652
0.015441
0.028968
0.015008
0.013628
0.017384
0.014100
0.012292
0.018583
0.032626
0.018644
0.013644
0.006660
0.018921
0.007458
0.023767
0.002933
0.002911
0.013440
0.026021
0.009834
0.016223
0.011753
0.006106
0.010425
0.053551
0.010396
0.004597
0.005035
0.012994
0.024975
0.021768
0.002390
0.021017
0.026813
0.028524
0.011342
0.008724
0.010126
0.051490
0.025215
0.007249
0.002242
0.014970
0.060031
0.003303
0.016625
0.009092
0.014427
0.049761
0.008424
0.012324
0.009485
0.019971
0.051732
0.020076
0.011396
0.009069
0.012294
0.025564
0.015425
0.008788
0.012208
0.008731
0.012350
0.018581
0.011852
0.011695
0.011015
0.048735
0.006469
0.002385
0.010841
0.014681
0.010968
0.003907
0.002291
0.007318
0.025971
0.053676
0.010032
0.012168
0.006694
0.016969
0.039352
0.018926
0.012298
0.002934
0.014559
0.045077
0.024552
0.002815
0.007898
0.025397
0.039827
0.010360
0.008362
0.020950
0.016089
0.048085
0.009688
0.013719
0.016106
0.006114
0.025941
0.015814
0.002998
0.010769
0.019442
0.061056
0.017718
0.011911
0.007230
0.009856
0.011304
0.020378
0.002269
0.023967
0.013358
0.020217
0.013075
0.002989
0.008268
0.009548
0.007830
0.019762
0.009778
0.008787
0.026018
0.037200
0.020574
0.019952
0.014713
0.006418
0.011782
0.015711
0.016330
0.017608
0.014446
0.010998
0.018487
0.008684
0.014853
0.005613
0.036345
0.013451
0.010629
0.007436
0.016670
0.011761
0.016172
0.004422
0.016051
0.023655
0.030198
0.010005
0.018581
0.012993
0.014672
0.023369
0.006587
0.009321
0.013233
0.010100
0.015921
0.012561
0.020600
0.025296
0.040869
0.008946
0.004279
0.018023
0.018414
0.020151
0.018468
0.008049
0.004671
0.013446
0.027049
0.018866
0.010526
0.038333
0.051373
0.022014
0.003870
0.003566
0.013436
0.033092
0.030227
0.004986
0.006146
0.011031
0.009175
0.013101
0.004492
0.008760
0.021491
0.026429
0.026179
0.002375
0.011203
