0.025062
0.002477
0.008931
0.006980
0.006338
0.004326
0.002492
0.009349
0.007563
0.026724
0.004345
0.007814
0.011455
0.011983
0.050510
0.002621
0.003638
0.011203
0.010963
0.003142
0.002849
0.002682
0.010010
0.032016
0.010111
0.002778
0.011852
0.011718
0.008455
0.002780
0.003338
0.010010
0.008505
0.005911
0.003501
0.008097
0.011615
0.010750
0.036467

0.005410
0.011547
0.006471
0.007801
0.002787
0.003675
0.008270
0.011862
0.037805
0.002306
0.002839
0.010909
0.012831
0.027208
0.003099
0.004942
0.008887
0.009921
0.009633
0.002924
0.002725
0.014440
0.007920
0.019759
0.002181
0.004550
0.002833
0.010048
0.010894
0.006407
0.002119
0.002374
0.009820
0.012001
0.007263
0.011016
0.016493
0.009100
0.020538
0.012526
0.004158
0.004096
0.010887
0.013055
0.031213
0.002148
0.008165
0.010098
0.006490
0.010134
0.003186
0.001888
0.011428
0.006736
0.003676
0.002771
0.003919
0.010833
0.013255
0.003231
0.002702
0.007122
0.011331
0.010857
0.004612
0.002377
0.002609
0.012249
0.012231
0.033235
0.002147
0.002598
0.005260
0.008661
0.009937
0.003997
0.002615
0.004676
0.006813
0.011737
0.002165
0.003009
0.008073
0.010334
0.017983
0.003755
0.006251
0.010394
0.011655
0.005647
0.002245
0.002525
0.014117
0.010702
0.009904
0.008490
0.002540
0.012264
0.007533
0.005615
0.013175
0.007386
0.010812
0.021837
0.006577
0.004034
0.002523
0.008918
0.010050
0.013996
0.002481
0.013390
0.012173
0.012449
0.010142
0.002588
0.002406
0.014666
0.011923
0.028650
0.002575
0.002223
0.007256
0.010119
0.008318
0.021943
0.002036
0.002157
0.010356
0.011580
0.009874
0.002519
0.006267
0.005116
0.009074
0.006380
0.006893
0.002501
0.011714
0.006515
0.034521
0.002043
0.004886
0.010185
0.011147
0.002487
0.029019
0.003723
0.010406
0.019231
0.011487
0.002220
0.011623
0.023629
0.007096
0.002242
0.002364
0.010611
0.016131
0.011602
0.003355
0.002344
0.010333
0.007315
0.019506
0.002529
0.008075
0.011571
0.008230
0.014322
0.002494
0.007705
0.020697
0.003132
0.002729
0.002698
0.003409
0.011294
0.030875
0.007808
0.002743
0.009398
0.009145
0.052168
0.022148
0.002426
0.008644
0.005461
0.012836
0.003112
0.007207
0.013849
0.026827
0.006440
0.002507
0.002394
0.006983
0.009140
0.010233
0.002546
0.009449
0.017200
0.026422
0.026545
0.003907
0.007013
0.009305
0.011607
0.007227
0.002403
0.008081
0.012806
0.019728
0.002583
0.002464
0.010148
0.006753
0.003080
0.002252
0.002968
0.010722
0.027227
0.010087
0.003507
0.004005
0.009353
0.008110
0.022543
0.004264
0.002160
0.010018
0.008308
0.005077
0.027173
0.003056
0.012114
0.007230
0.010481
0.002129
0.002202
0.008768
0.010594
0.008361
0.002691
0.007428
0.003328
0.017988
0.026429
0.002540
0.008180
0.012293
0.018473
0.029839
0.003938
0.009563
0.017189
0.015518
0.005328
0.004244
0.002215
0.009874
0.018669
0.034070
0.002340
0.002318
0.003722
0.010105
0.006527
0.016745
0.002327
0.007840
0.011168
0.008752
0.003476
0.004684
0.011897
0.014185
0.013536
0.003621
0.023854
0.006580
0.002273
0.002799
0.004691
0.013843
0.007509
0.024538
0.002470
0.003396
0.004963
0.012570
0.029131
0.002593
0.002683
0.006598
0.008147
0.024635
0.002297
0.002557
0.008134
0.010912
0.023807
0.002106
0.002543
0.011620
0.020244
0.024999
0.002774
0.005922
0.008467
0.011780
0.033100
0.002971
0.008918
0.011542
0.010718
0.003455
0.002787
0.010579
0.007668
0.018003
0.002266
0.002297
0.025164
0.009313
0.010611
0.002197
0.006221
0.005802
0.009041

0.002912
0.002386
0.002656
0.012431
0.008971
0.016380
0.013371
0.005022
0.011838
0.009134
0.007213
0.002051
0.003989
0.010776
0.010288
0.010525
0.003265
0.003769
0.007648
0.007878
0.012743
0.002229
0.003013
0.010832
0.019909
0.032985
0.004237
0.002636
0.008573
0.007218
0.036359
0.010949
0.012392
0.007727
0.023925
0.002534
0.002303
0.009706
0.007817
0.009334
0.004134
0.006529
0.010665
0.008697
0.011530
0.002391
0.004277
0.011318
0.014656
0.011653
0.003932
0.004363
0.012336
0.012064
0.031526
0.002479
0.006628
0.014245
0.007362
0.009958
0.002256
0.002552
0.008691
0.039267
0.017371
0.002561
0.007133
0.013448
0.014876
0.008609
0.002660
0.002471
0.012218
0.007025
0.005205
0.003218
0.002300
0.009030
0.017152
0.008962
0.008984
0.005133
0.006661
0.007078
0.010340
0.002391
0.008133
0.011346
0.011463
0.002574
0.015388
0.011547
0.036670
0.005521
0.002536
0.009326
0.010707
0.002604
0.002342
0.008458
0.011011
0.016036
0.014917
0.002372
0.004504
0.003775
0.010408
0.022883
0.034531
0.006454
0.009879
0.009087
0.015485
0.002330
0.002617
0.011474
0.014160
0.030643
0.002753
0.005291
0.003710
0.006604
0.035455
0.028989
0.002239
0.003039
0.015436
0.011957
0.014041
