0.001415
0.001326
0.001243
0.003584
0.014486
0.001363
0.001402
0.001345
0.008096
0.002214
0.001472
0.001202
0.001227
0.001357
0.012552
0.001513
0.001332
0.001294
0.006307
0.037890
0.001329
0.001321
0.001410
0.001423
0.008173
0.001328
0.001270
0.001390
0.001378
0.014012
0.001329
0.001421
0.001436
0.001437
0.020060
0.006441
0.001361
0.001257
0.004513
0.011541
0.010450
0.001421
0.001539
0.001334
0.008222
0.010000
0.001261
0.001384
0.003242
0.012921
0.011485
0.001265
0.001269
0.006230
0.010345
0.008612
0.001386
0.001421
0.007745
0.011565
0.001706
0.002506
0.001435
0.005481
0.011435
0.001339
0.001280
0.002667
0.001450
0.011519
0.001445
0.001289
0.001282
0.001498
0.011743
0.009022
0.001520
0.001316
0.006661
0.007437
0.001337
0.001379
0.001258
0.003517
0.011463
0.001468
0.001378
0.001426
0.017144
0.012856
0.001352
0.001301
0.002319
0.001360
0.008609
0.001374
0.001455
0.001293
0.001346
0.005657
0.001427
0.001388
0.001280
0.004513
0.016686
0.001985
0.001336
0.001455
0.005570
0.017423
0.001270
0.001312
0.001254
0.001345
0.009320
0.002607
0.001388
0.001291
0.001396
0.010047
0.002624
0.001288
0.001330
0.001360
0.012093
0.001079
0.001520
0.001358
0.001339
0.010844
0.012192
0.001501
0.001305
0.001351
0.004565
0.009091
0.001477
0.001348
0.001296
0.013625
0.008134
0.001513
0.001370
0.001379
0.004888
0.048356
0.033587
0.001354
0.001764
0.006572
0.023005
0.011323
0.001473
0.001275
0.001339
0.001402
0.013150
0.001167
0.001292
0.001167
0.003723
0.001403
0.005631
0.001354
0.001270
0.005487
0.007026
0.001480
0.001303
0.001331
0.001563
0.013856
0.028965
0.001529
0.001400
0.001302
0.001358
0.001232
0.028454
0.002150
0.001297
0.001264
0.004577
0.044957
0.001407
0.001238
0.001329
0.005752
0.009189
0.001393
0.001228
0.001162
0.005919
0.009665
0.008796
0.001586
0.001311
0.006388
0.024890
0.001234
0.002424
0.001317
0.006723
0.008322
0.001423
0.001552
0.001397
0.007485
0.010761
0.001498
0.001506
0.003053
0.031600
0.014551
0.001252
0.001765
0.005230
0.007496
0.001993
0.001373
0.001328
0.001195
0.012362
0.043446
0.001244
0.001240
0.001386
0.012012
0.019274
0.010296
0.001408
0.001309
0.001329
0.001279
0.017505
0.001429
0.001285
0.001272
0.001372
0.014671
0.001487
0.001361
0.003359
0.020860
0.001274
0.001319
0.010297
0.011864
0.009433
0.001556
0.001249
0.001246
0.007738
0.001860
0.001297
0.004175
0.001571
0.015046
0.040278
0.011979
0.001344
0.001599
0.008106
0.011094
0.001843
0.001374
0.001272
0.001719
0.001291
0.037488
0.018891
0.002742
0.001353
0.001223
0.017524
0.001389
0.001499
0.001341
0.001404
0.001828
0.005943
0.001395
0.001435
0.005225
0.012928
0.001490
0.001364
0.001409
0.016156
0.010677
0.001342
0.002037
0.002469
0.001392
0.013503
0.001624
0.002605
0.002681
0.001312
0.009689
0.001280
0.001532
0.001472
0.003912
0.012005
0.001341
0.001644
0.001263
0.010435
0.019102
0.012288
0.004513
0.002277
0.008159
0.015234
0.001426
0.002048
0.017583
0.013610
0.007829
0.001449
0.002095
0.002977
0.005139
0.012380
0.001346
0.001315
0.006413
0.015060
0.001449
0.001327
0.001378
0.005491
0.047003
0.001401
0.001500
0.001367
0.004643
0.005406
0.001479
0.001420
0.001271
0.004440
0.011391
0.001350
0.001298
0.001310
0.003630
0.008777
0.001265
0.001283
0.001320
0.003439
0.007791
0.002619
0.001384
0.001422
0.003026
0.011845
0.001508
0.001516
0.001698
0.007373
0.015297
0.001406
0.001600
0.001401
0.004851
0.032488
0.001497
0.001457
0.002391
0.001493
0.003620
0.006343
0.001306
0.001294
0.017660
0.029976
0.002107
0.001420
0.001404
0.003416
0.006646
0.001807
0.001363
0.001305
0.001403
0.024330
0.002630
0.001407
0.001464
0.002343
0.014240
0.002340
0.001400
0.001347
0.007971
0.007057
0.001528
0.001326
0.002789
0.006614
0.027271
0.001366
0.001365
0.001443
0.001365
0.014376
0.002584
0.001369
0.001380
0.001289
0.036659
0.001397
0.001322
0.001397
0.006448
0.002371
0.001385
0.001380
0.001273
0.001421
0.004400
0.011785
0.001460
0.001573
0.001353
0.001343
0.012828
0.002536
0.001387
0.001437
0.002547
0.006090
0.001287
0.001482
0.001495
0.006044
0.049124
0.006819
0.001281
0.001330
0.010643
0.051517
0.001300
0.001313
0.002636
0.007877
0.001356
0.001368
0.001194
0.001233
0.010178
0.001356
0.002261
0.001264
0.010246
0.016934
0.001207
0.001271
0.001306
0.002426
0.013844
0.001417
0.001266
0.001343
0.001427
0.006405
0.022404
0.048611
0.001313
0.001297
0.003361
0.023829
0.014787
0.001353
0.001235
0.015621
0.009705
0.001329
0.001237
0.008314
0.003439
0.013123
0.001406
0.001311
0.001968
0.019899
0.004373
0.049050
0.001964
0.001757
0.016482
0.009576
0.001233
0.001262
0.002441
0.001545
0.032195
