0.001971
0.005823
0.007390
0.002024
0.018354
0.005046
0.013175
0.024389
0.003186
0.010706
0.018877
0.009921
0.009746
0.037548
0.013587
0.014522
0.015213
0.015101
0.020436
0.006179
0.007237
0.011337
0.010518
0.005757
0.002873
0.011002
0.005734
0.025716
0.051928
0.003788
0.003591
0.010945
0.025116
0.002126
0.011453
0.013587
0.005506
0.015465
0.039195
0.018052
0.004636
0.009583
0.005930
0.004403
0.001722
0.014762
0.009963
0.024830
0.001737
0.007566
0.003247
0.009632
0.007785
0.002829
0.010669
0.003907
0.009945
0.028469
0.002248
0.012797
0.007815
0.027543
0.027868
0.002236
0.014246
0.003818
0.091670
0.024773
0.008467
0.001669
0.006901
0.007849
0.013483
0.007654
0.002818
0.013575
0.009402
0.019263
0.010380
0.002241
0.017698
0.001959
0.032154
0.006953
0.001627
0.010251
0.006926
0.022625
0.002521
0.012763
0.010196
0.002637
0.009590
0.015951
0.008304
0.017614
0.007221
0.018795
0.022122
0.009128
0.008480
0.001668
0.015142
0.014122
0.022432
0.001798
0.006792
0.066864
0.011807
0.003584
0.002596
0.002057
0.005779
0.012070
0.001764
0.003077
0.014504
0.006686
0.009174
0.001796
0.007176
0.005138
0.027932
0.027123
0.001982
0.003469
0.008329
0.010787
0.006570
0.005858
0.009350
0.012564
0.035810
0.026261
0.002456
0.023494
0.010032
0.004698
0.013045
0.007656
0.008516
0.013727
0.005917
0.009406
0.033012
0.002557
0.011662
0.002899
0.008628
0.007780
0.002472
0.008287
0.011328
0.017262
0.017057
0.003902
0.011637
0.013959
0.011504
0.009731
0.002271
0.021648
0.035572
0.012049
0.018422
0.003714
0.006392
0.009070
0.006080
0.010562
0.012662
0.009487
0.009820
0.007669
0.012034
0.011518
0.016598
0.010869
0.018149
0.010263
0.002232
0.002794
0.004460
0.018021
0.009934
0.006012
0.002373
0.006954
0.014675
0.010128
0.002637
0.012811
0.003720
0.009297
0.026273
0.001776
0.013032
0.006555
0.007528
0.017346
0.002173
0.003019
0.010723
0.013719
0.025078
0.002324
0.009894
0.008940
0.010799
0.018950
0.002865
0.009913
0.013760
0.016609
0.026262
0.012871
0.008358
0.007929
0.022864
0.018784
0.008434
0.008023
0.007465
0.010883
0.011690
0.009928
0.002683
0.006016
0.007655
0.024984
0.008809
0.003881
0.005953
0.018634
0.003318
0.002257
0.007200
0.009329
0.016981
0.038318
0.001649
0.011489
0.007094
0.008336
0.021775
0.005811
0.021269
0.001670
0.013020
0.008922
0.019597
0.001949
0.009696
0.006181
0.017864
0.051021
0.001770
0.008646
0.006337
0.010332
0.012695
0.002639
0.006169
0.006736
0.019952
0.025908
0.003424
0.012876
0.012587
0.008375
0.025854
0.002322
0.008059
0.006268
0.020604
0.037927
0.003352
0.007619
0.010214
0.010877
0.051893
0.007857
0.010296
0.007601
0.008698
0.028855
0.003490
0.002055
0.008267
0.011460
0.015974
0.008021
0.004355
0.005707
0.012611
0.019166
0.003012
0.010283
0.012923
0.008785
0.009885
0.002609
0.026669
0.006207
0.007835
0.050850
0.007835
0.011714
0.001816
0.008552
0.002874
0.028549
0.001769
0.008513
0.009368
0.019035
0.009951
0.017625
0.015665
0.019649
0.032464
0.009446
0.017549
0.015376
0.021344
0.011381
0.002009
0.010765
0.005911
0.014064
0.025031
0.003455
0.001687
0.008886
0.007768
0.010788
0.006091
0.008205
0.007069
0.011282
0.027539
0.006338
0.012165
0.008730
0.016343
0.011572
0.001839
0.010011
0.022770
0.007772
0.008313
0.004554
0.011532
0.006952
0.010885
0.012574
0.001657
0.001574
0.008701
0.015433
0.016733
0.004196
0.002109
0.025497
0.008306
0.020564
0.018506
0.002520
0.006474
0.005396
0.021361
0.013108
0.001651
0.009823
0.011370
0.008050
0.011169
0.020280
0.008077
0.007061
0.007496
0.018852
0.002951
0.010235
0.005140
0.015561
0.028275
0.014480
0.001484
0.006879
0.018384
0.045029
0.001593
0.004412
0.014294
0.014062
0.026181
0.001698
0.007151
0.013555
0.010524
0.003934
0.008151
0.007911
0.006232
0.010614
0.013114
0.015576
0.031326
0.007679
0.015360
0.022710
0.028869
0.010177
0.006746
0.019743
0.025838
0.019987
0.001620
0.005589
0.012310
0.014380
0.005839
0.008919
0.011338
0.011936
0.046905
0.004794
0.001560
0.001582
0.011605
0.021084
0.002097
0.002220
0.003511
0.010444
0.012463
0.006493
0.014259
0.001914
0.012791
0.022913
0.001924
0.004065
0.009041
0.020347
0.003085
0.002240
0.014024
0.001838
0.025549
0.040410
0.006848
0.001639
0.004590
0.004672
0.051684
0.002077
0.006520
0.014187
0.014711
0.046680
0.002329
0.007595
0.004074
0.011716
0.010858
0.002906
0.010350
0.010171
0.011573
0.023918
0.008998
0.007728
0.024956
0.005759
0.027376
0.025548
0.010618
0.005589
0.022733
0.012807
0.004635
0.002343
0.005486
0.007797
0.011463
0.013515
0.001763
0.011843
0.052777
0.007625
0.001702
0.014458
0.009804
0.010466
0.026539
0.016719
0.001962
0.002507
