







































































































































































































































































































































































































































































































































































































































































































































































































































































































































































































































0.001419
0.010862
0.007178
0.006328
0.005296
0.013193
0.013304
0.008379
0.003803
0.003888
0.001333
0.014424
0.008888
0.004002
0.001671
0.010966
0.023259
0.009168
0.006436
0.002013
0.003525
0.018505
0.009334
0.004630
0.005286
0.012234
0.012232
0.022618
0.006962
0.004286
0.002607
0.023546
0.007139
0.007417
0.001103
0.004718
0.019687
0.015568
0.008018
0.005994
0.004711
0.015888
0.011622
0.003795
0.001272
0.000845
0.013916
0.014269
0.004856
0.001598
0.000680
0.011625
0.010595
0.007231
0.005223
0.002928
0.015593
0.014417
0.005667
0.003529
0.022515
0.013124
0.014244
0.005887
0.005380
0.003591
0.005740
0.009623
0.002645
0.006656
0.003473
0.022328
0.009230
0.006000
0.004612
0.005282
0.005123
0.019282
0.006410
0.005523
0.008399
0.018885
0.012540
0.006900
0.001708
0.002004
0.009534
0.019360
0.007646
0.001796
0.005337
0.019417
0.014460
0.006058
0.005989
0.005484
0.018003
0.011139
0.005631
0.005053
0.007356
0.011248
0.008589
0.002758
0.006015
0.005643
0.014697
0.010553
0.010277
0.003427
0.004828
0.021530
0.014781
0.003658
0.001780
0.004827
0.012620
0.002565
0.006187
0.003897
0.016627
0.016532
0.006448
0.002465
0.001377
0.021403
0.008526
0.005530
0.005680
0.000719
0.005891
0.014159
0.004380
0.005769
0.004730
0.020427
0.022514
0.002229
0.005737
0.020128
0.032471
0.025742
0.006040
0.007070
0.001717
0.019927
0.008517
0.004973
0.005162
0.005362
0.022146
0.016473
0.007395
0.005719
0.012246
0.013169
0.014380
0.003975
0.001513
0.004251
0.009534
0.010752
0.006707
0.001697
0.002712
0.035960
0.017336
0.006928
0.003060
0.013501
0.013983
0.013451
0.008320
0.013834
0.002655
0.003304
0.008743
0.008796
0.003370
0.001232
0.006440
0.011783
0.014397
0.005532
0.009424
0.001790
0.012460
0.021659
0.004222
0.002610
0.002207
0.021971
0.013215
0.002473
0.005352
0.004289
0.007698
0.015961
0.004203
0.005860
0.006355
0.020990
0.019464
0.003289
0.001433
0.023261
0.015544
0.008049
0.005102
0.002297
0.002742
0.008870
0.021495
0.007134
0.005737
0.015025
0.017417
0.015817
0.007545
0.007199
0.001332
0.014472
0.008326
0.008029
0.003419
0.012251
0.014184
0.021602
0.003914
0.005403
0.003438
0.023521
0.007236
0.002922
0.006035
0.001399
0.015177
0.015029
0.005247
0.005452
0.004821
0.011401
0.017403
0.002830
0.005513
0.004066
0.021783
0.012374
0.004789
0.005770
0.004344
0.013010
0.012532
0.002664
0.006066
0.005677
0.013166
0.010107
0.006195
0.005158
0.004726
0.020205
0.009430
0.001802
0.001586
0.021903
0.008759
0.007844
0.003553
0.001640
0.012018
0.010674
0.004219
0.001484
0.003533
0.033643
0.014438
0.005136
0.002072
0.004620
0.027736
0.022296
0.004967
0.006578
0.004873
0.014980
0.019497
0.005310
0.006823
0.006534
0.016710
0.010158
0.002032
0.004081
0.022908
0.010642
0.006751
0.005701
0.000521
0.007953
0.015720
0.003352
0.003592
0.003314
0.014230
0.019423
0.003794
0.003642
0.016262
0.014859
0.020682
0.006849
0.005582
0.011039
0.023187
0.009776
0.006361
0.001592
0.005065
0.010849
0.017701
0.007865
0.003192
0.003777
0.018579
0.015521
0.004605
0.001371
0.005047
0.008131
0.018527
0.003534
0.003576
0.001550
0.011216
0.019499
0.004609
0.001498
0.001586
0.021339
0.008873
0.004255
0.004282
0.002155
0.010516
0.017573
0.004650
0.004648
0.013497
0.023385
0.020653
0.003224
0.002250
0.013878
0.017509
0.010137
0.007592
0.002571
0.004956
0.012851
0.016708
0.007616
0.005264
0.004366
0.021267
0.025280
0.010923
0.005556
0.004808
0.013864
0.016491
0.005256
0.002541
0.002525
0.013655
0.007180
0.001422
0.013497
0.008539
0.004447
0.003184
0.001689
0.004590
0.019022
0.016519
0.005770
0.003308
0.012054
0.021398
0.016395
0.004740
0.005791
0.004902
0.029528
0.015789
0.004817
0.005536
0.016268
0.017654
0.016268
0.006675
0.002759
0.002577
0.010241
0.016566
0.007239
0.010498
0.022284
0.005335
0.016304
0.003882
0.010694
0.011277
0.010981
0.014602
0.002762
0.005285
0.004566
0.022328
0.016144
0.006488
0.003233
0.002784
0.016574
0.006702
0.005282
0.001531
0.004029
0.017452
0.008340
0.006341
0.005149
0.072551
0.018616
0.013349
0.008391
0.003808
0.005329
0.009772
0.016471
0.005311
0.004473
0.005174
0.011970
0.008700
0.007604
0.001496
0.001031
0.013056
0.008038
0.007407
0.004753
0.003813
0.011075
0.014480
0.003338
0.001684
0.008229
0.020515
0.022465
0.005062
0.004388
0.004528
0.014178
0.011016
0.004601
0.001456
0.004812
0.007407
0.008813
0.002934
0.001551
0.000746
0.014339
0.007290
0.003751
0.005485
0.005909
0.014312
0.021500
0.005502
0.010448
0.005335
0.010801
0.018340
0.005780
0.004245
0.004847
0.013312
0.019377
0.002917
0.005823
0.011428
0.003720
0.015391
0.006474
0.001622
0.007473
0.010654
0.010189
