







































































































































































































































































































































































































































































































































































































































































































































































































































































































































































































































0.016465
0.016497
0.003893
0.005217
0.023050
0.027626
0.012746
0.004840
0.006000
0.021594
0.030598
0.022510
0.007237
0.002864
0.017680
0.023730
0.012439
0.002164
0.004422
0.026625
0.025259
0.024179
0.004029
0.000596
0.012624
0.027701
0.011547
0.002704
0.002530
0.026874
0.020633
0.010478
0.001600
0.023048
0.023125
0.012891
0.026310
0.005540
0.002871
0.038604
0.030888
0.014281
0.000853
0.004190
0.023471
0.013962
0.014613
0.005428
0.001986
0.006481
0.015014
0.011930
0.008355
0.002224
0.014919
0.018027
0.021445
0.005273
0.000723
0.025131
0.026457
0.024298
0.004194
0.005048
0.029075
0.022706
0.025100
0.002563
0.026443
0.034893
0.034333
0.010686
0.005739
0.005233
0.029132
0.020211
0.020466
0.003972
0.001541
0.026702
0.019633
0.008369
0.001635
0.000864
0.013262
0.019335
0.006936
0.005072
0.002917
0.020997
0.034458
0.006932
0.001791
0.004068
0.026134
0.034253
0.023348
0.012823
0.004666
0.000825
0.029990
0.029185
0.009117
0.002844
0.003762
0.026250
0.024227
0.010811
0.010233
0.005570
0.012387
0.021469
0.011826
0.005654
0.000647
0.023845
0.013560
0.019877
0.002344
0.020414
0.018910
0.004598
0.021184
0.002893
0.006444
0.027546
0.012840
0.013678
0.004078
0.001638
0.030443
0.013204
0.010974
0.001101
0.005006
0.011766
0.026429
0.022384
0.005275
0.003726
0.006623
0.033288
0.010577
0.004803
0.004393
0.032655
0.027457
0.011665
0.004400
0.005518
0.028476
0.025750
0.008740
0.006977
0.024161
0.021654
0.012987
0.019143
0.003104
0.022232
0.008080
0.020825
0.017505
0.002760
0.001347
0.018254
0.017359
0.010736
0.005410
0.005375
0.021259
0.039302
0.022188
0.005640
0.005242
0.005557
0.023816
0.021262
0.003604
0.000667
0.017075
0.029178
0.022190
0.010386
0.002300
0.005202
0.032272
0.017238
0.024470
0.004834
0.000808
0.018646
0.010814
0.010958
0.004743
0.009364
0.009098
0.019903
0.008850
0.005610
0.009149
0.007905
0.021843
0.015409
0.008497
0.005590
0.005365
0.022534
0.012340
0.015201
0.002554
0.004257
0.022472
0.029274
0.014121
0.002119
0.005788
0.021257
0.024354
0.017365
0.003772
0.005804
0.021398
0.018590
0.010727
0.005813
0.018169
0.023060
0.022011
0.010614
0.001394
0.004412
0.017582
0.027230
0.018264
0.010561
0.004317
0.016174
0.031972
0.023053
0.006597
0.003568
0.004081
0.018240
0.034629
0.010779
0.005079
0.005656
0.015145
0.020999
0.010367
0.005640
0.005245
0.004947
0.030411
0.006369
0.001295
0.005371
0.020413
0.018611
0.010601
0.005008
0.000801
0.028300
0.013487
0.016530
0.003997
0.004723
0.018697
0.024932
0.010664
0.002556
0.000667
0.025299
0.019930
0.012819
0.005527
0.001086
0.019869
0.018655
0.021206
0.006959
0.015191
0.017776
0.031685
0.021382
0.005104
0.001762
0.015376
0.029495
0.021229
0.002975
0.023292
0.012991
0.015976
0.006920
0.004635
0.000890
0.014353
0.019766
0.011663
0.003294
0.000872
0.023097
0.016691
0.009889
0.003397
0.000743
0.018661
0.021472
0.010941
0.003648
0.004789
0.030399
0.018657
0.010509
0.001488
0.003485
0.015197
0.017435
0.017134
0.004567
0.004890
0.021110
0.017214
0.011692
0.002498
0.000749
0.015390
0.015620
0.005087
0.004235
0.007958
0.016544
0.011320
0.003068
0.005065
0.030046
0.012415
0.009454
0.004849
0.006057
0.021968
0.029450
0.014260
0.002017
0.005298
0.007673
0.020210
0.019466
0.003301
0.001161
0.007514
0.019266
0.026064
0.003640
0.000681
0.022551
0.016482
0.017361
0.005552
0.001912
0.016442
0.017587
0.006035
0.004199
0.015619
0.018894
0.012542
0.004990
0.030311
0.008095
0.015640
0.011743
0.004598
0.000574
0.015272
0.010594
0.010719
0.004376
0.005556
0.027766
0.028357
0.011667
0.005992
0.004067
0.020996
0.013507
0.022158
0.007788
0.002187
0.014958
0.023943
0.006554
0.003648
0.000667
0.022945
0.019725
0.011711
0.010968
0.005230
0.019728
0.021924
0.010541
0.019505
0.004293
0.019884
0.025140
0.010750
0.001476
0.000955
0.028138
0.018750
0.012840
0.005622
0.002914
0.012726
0.013097
0.012566
0.004642
0.010697
0.016597
0.033148
0.022340
0.004600
0.006492
0.021968
0.026596
0.010199
0.001336
0.000833
0.015458
0.019645
0.010276
0.006404
0.005157
0.027906
0.023404
0.021220
0.004963
0.022766
0.055988
0.021836
0.010537
0.001774
0.006300
0.021007
0.018790
0.008916
0.008351
0.008333
0.029400
0.013178
0.019179
0.002286
0.008201
0.020585
0.017489
0.019419
0.001855
0.000621
0.016853
0.010570
0.010753
0.001452
0.004710
0.020997
0.024356
0.009713
0.005465
0.020301
0.020233
0.033276
0.010735
0.001279
0.000770
0.023477
0.031386
0.011522
0.008021
0.003262
0.021548
0.012518
0.006476
0.023203
0.018551
0.021749
0.007549
0.003743
0.006624
0.020755
0.013199
0.007519
0.007260
0.000423
0.015540
0.018354
0.011474
0.004191
0.005339
