







































































































































































































































































































































































































































































































































































































































































































































































































































































































































































































































0.004296
0.004506
0.016339
0.005351
0.005313
0.005705
0.010056
0.014230
0.005179
0.001731
0.001209
0.015623
0.007169
0.007253
0.005914
0.002256
0.013571
0.004779
0.006953
0.005802
0.003787
0.003139
0.016596
0.005144
0.006410
0.003719
0.009979
0.010527
0.004863
0.001820
0.001243
0.011838
0.019389
0.016454
0.005783
0.005949
0.004099
0.018672
0.007995
0.011541
0.001606
0.003340
0.012340
0.005531
0.004588
0.005817
0.002060
0.015073
0.012429
0.005178
0.005161
0.001468
0.014493
0.013061
0.002894
0.005315
0.010171
0.011882
0.010717
0.004326
0.001698
0.005218
0.006556
0.010838
0.002795
0.001790
0.000731
0.004272
0.014506
0.003859
0.005207
0.001511
0.004941
0.014636
0.005363
0.001123
0.001480
0.015457
0.013573
0.004128
0.007950
0.000653
0.004003
0.020365
0.002866
0.006033
0.005203
0.015855
0.016409
0.006732
0.003567
0.000996
0.013132
0.007787
0.002921
0.002193
0.002842
0.012492
0.019513
0.011347
0.005128
0.004557
0.004491
0.016706
0.003066
0.001946
0.000424
0.004165
0.009717
0.004797
0.002768
0.003439
0.015972
0.013762
0.005777
0.005041
0.005104
0.006294
0.002388
0.003084
0.001904
0.006835
0.016512
0.005071
0.005953
0.000598
0.014132
0.002517
0.005522
0.003104
0.006936
0.009539
0.016396
0.009033
0.004625
0.006376
0.008428
0.016316
0.002265
0.001435
0.004453
0.010833
0.014646
0.011729
0.005479
0.000570
0.001591
0.006802
0.002902
0.006409
0.004711
0.005607
0.017463
0.006041
0.005623
0.001455
0.020319
0.012795
0.011163
0.007519
0.005895
0.003305
0.013482
0.017769
0.005716
0.001914
0.004033
0.008111
0.016631
0.003530
0.005833
0.000547
0.006749
0.015489
0.003088
0.003916
0.004099
0.011964
0.016704
0.004344
0.005603
0.001034
0.005411
0.014661
0.006964
0.001795
0.005586
0.005284
0.016429
0.004414
0.010065
0.001406
0.013511
0.002920
0.004926
0.005417
0.004928
0.004271
0.017169
0.007606
0.006077
0.001361
0.004962
0.021257
0.005317
0.001197
0.005102
0.003456
0.015655
0.007558
0.005712
0.001636
0.002559
0.016429
0.007423
0.002700
0.002338
0.008254
0.010547
0.006744
0.007915
0.002039
0.010165
0.012205
0.005084
0.005377
0.004910
0.003052
0.016524
0.007630
0.003874
0.000511
0.007181
0.018542
0.007382
0.004992
0.004985
0.005469
0.007340
0.003898
0.003942
0.000885
0.002173
0.007374
0.007442
0.004344
0.004525
0.008319
0.007093
0.006433
0.005423
0.000799
0.001212
0.022058
0.004589
0.004707
0.005458
0.004443
0.009448
0.009918
0.001937
0.000604
0.012926
0.012729
0.003800
0.007622
0.003988
0.009533
0.012272
0.006554
0.009558
0.002911
0.010320
0.015840
0.003657
0.006866
0.004541
0.006579
0.013508
0.004872
0.005200
0.004627
0.015222
0.007505
0.012030
0.001714
0.001716
0.003531
0.016661
0.003505
0.006930
0.004382
0.003217
0.010788
0.004276
0.001945
0.001751
0.003864
0.017388
0.006630
0.001460
0.001289
0.003315
0.019554
0.004842
0.004431
0.005423
0.015124
0.016618
0.003524
0.006056
0.004891
0.003231
0.007286
0.006020
0.005076
0.000515
0.012898
0.008780
0.005160
0.004345
0.004944
0.003392
0.004845
0.007645
0.004209
0.005140
0.011572
0.007825
0.004701
0.000480
0.016472
0.012358
0.004986
0.005419
0.005025
0.005504
0.014025
0.005790
0.009151
0.002453
0.018706
0.011082
0.036948
0.021555
0.026963
0.001188
0.006718
0.004388
0.005106
0.021445
0.009736
0.016967
0.011967
0.003657
0.011347
0.015491
0.010824
0.012086
0.005299
0.004812
0.014828
0.010253
0.007053
0.005895
0.000822
0.001491
0.007369
0.006506
0.002721
0.007856
0.014671
0.004684
0.002996
0.012869
0.008613
0.016728
0.005121
0.005198
0.001939
0.016950
0.016652
0.003328
0.001639
0.001958
0.009652
0.005061
0.006610
0.001396
0.024068
0.010202
0.005386
0.008154
0.003153
0.003883
0.019330
0.003232
0.005929
0.005389
0.009087
0.012933
0.004731
0.004310
0.004733
0.014509
0.019413
0.006648
0.006135
0.005120
0.004426
0.016383
0.012950
0.003529
0.002891
0.008047
0.015795
0.013286
0.003932
0.002282
0.011864
0.005834
0.003027
0.003755
0.009297
0.014304
0.006679
0.005193
0.001029
0.012484
0.014556
0.004498
0.005184
0.005104
0.008542
0.015123
0.007076
0.005117
0.000497
0.001911
0.016386
0.006586
0.006049
0.004331
0.015212
0.013558
0.006683
0.004101
0.004802
0.005350
0.010750
0.004448
0.004551
0.003291
0.011371
0.006369
0.005745
0.006036
0.002657
0.008189
0.013200
0.004072
0.005224
0.006367
0.005232
0.016569
0.005663
0.001123
0.003689
0.009545
0.015560
0.005271
0.005628
0.001125
0.008217
0.012914
0.008093
0.003846
0.007056
0.013149
0.014520
0.005708
0.005585
0.004838
0.010538
0.010553
0.005133
0.006054
0.004705
0.011255
0.016204
0.003905
0.001433
0.004620
0.011103
0.013772
0.008649
0.001241
0.004978
0.003911
0.010320
