







































































































































































































































































































































































































































































































































































































































































































































































































































































































































































































































0.016155
0.019792
0.004656
0.005392
0.011265
0.013468
0.009412
0.014681
0.004206
0.005126
0.000573
0.000721
0.016917
0.003812
0.005886
0.006201
0.006425
0.004751
0.003596
0.001237
0.004807
0.004271
0.016665
0.003665
0.001448
0.000724
0.002619
0.019586
0.006130
0.005179
0.004133
0.003498
0.018702
0.005311
0.001096
0.000899
0.003280
0.009983
0.005660
0.001595
0.000919
0.004363
0.014946
0.005635
0.001567
0.001660
0.007474
0.009742
0.007058
0.001945
0.002344
0.007145
0.015174
0.004201
0.002416
0.013477
0.009204
0.020038
0.004743
0.012029
0.005391
0.002441
0.010966
0.016323
0.007286
0.005285
0.002009
0.010233
0.016863
0.008026
0.003698
0.007137
0.014220
0.010453
0.007086
0.003764
0.000897
0.005924
0.016561
0.006885
0.005182
0.001066
0.001604
0.012013
0.006720
0.005906
0.000613
0.013314
0.016514
0.008262
0.001907
0.000589
0.007677
0.008814
0.006654
0.002619
0.005437
0.025098
0.017863
0.007488
0.001297
0.004086
0.004928
0.019520
0.003200
0.006339
0.000485
0.008045
0.014892
0.003699
0.001757
0.002916
0.010032
0.008170
0.004089
0.005147
0.004911
0.002387
0.020828
0.006389
0.004347
0.004293
0.002686
0.003433
0.005437
0.002262
0.022013
0.002405
0.006798
0.003525
0.003793
0.007909
0.014656
0.004657
0.003425
0.003427
0.005331
0.010968
0.006182
0.004753
0.008197
0.003481
0.011048
0.004878
0.003208
0.006280
0.005342
0.016676
0.015233
0.003919
0.002703
0.004802
0.003584
0.016503
0.007303
0.005082
0.002928
0.006251
0.023630
0.006790
0.004001
0.003813
0.005688
0.010307
0.004643
0.001512
0.004088
0.005596
0.013398
0.004177
0.004804
0.007371
0.002460
0.000750
0.022798
0.006756
0.005420
0.005182
0.004421
0.014836
0.007358
0.005228
0.005327
0.011908
0.014861
0.006635
0.005623
0.000473
0.006911
0.013554
0.005122
0.005728
0.003805
0.005083
0.012704
0.008656
0.003197
0.005389
0.003549
0.014776
0.005392
0.005358
0.005385
0.002682
0.010657
0.003106
0.001940
0.004209
0.001853
0.013724
0.006454
0.001658
0.002351
0.005874
0.003581
0.005115
0.001099
0.000896
0.002726
0.016656
0.004175
0.004454
0.004734
0.036629
0.010990
0.008446
0.007202
0.002295
0.007704
0.008768
0.003797
0.001551
0.000852
0.000601
0.018597
0.006076
0.001370
0.003869
0.006416
0.010102
0.007365
0.004457
0.004288
0.007094
0.019615
0.016721
0.004904
0.003339
0.004792
0.013132
0.018702
0.003647
0.001609
0.004961
0.002396
0.016603
0.004001
0.004759
0.000646
0.001390
0.011855
0.006385
0.001188
0.001482
0.003549
0.014752
0.003655
0.001687
0.004501
0.002554
0.018506
0.003142
0.005110
0.002525
0.005180
0.017316
0.018538
0.007407
0.001627
0.000917
0.033822
0.028925
0.003393
0.001603
0.005189
0.006443
0.013862
0.003264
0.001692
0.004233
0.009375
0.015707
0.007637
0.005895
0.001153
0.014580
0.013625
0.002989
0.007617
0.003725
0.005255
0.009973
0.003620
0.006591
0.003499
0.004281
0.019669
0.004391
0.001591
0.005119
0.000586
0.021040
0.006929
0.005226
0.000574
0.003405
0.011153
0.005378
0.007299
0.005230
0.004161
0.016790
0.006640
0.001719
0.002775
0.011683
0.002278
0.003497
0.005269
0.007163
0.009707
0.007294
0.001395
0.000857
0.019224
0.013558
0.006145
0.005588
0.000621
0.006497
0.019368
0.019460
0.003783
0.003146
0.004207
0.005088
0.005093
0.001311
0.003453
0.008271
0.016805
0.007033
0.005422
0.001695
0.003602
0.013877
0.005544
0.001616
0.004945
0.002242
0.010718
0.003852
0.005616
0.002576
0.007207
0.002458
0.001074
0.030678
0.019656
0.005903
0.005095
0.002772
0.001379
0.016614
0.005087
0.002544
0.001593
0.005250
0.008096
0.005372
0.003419
0.002962
0.000958
0.020573
0.004573
0.002999
0.004561
0.004377
0.016603
0.004987
0.001433
0.003310
0.015275
0.019959
0.005221
0.001816
0.000970
0.009359
0.009061
0.006069
0.005048
0.004732
0.000573
0.016473
0.004159
0.001573
0.003447
0.005252
0.017711
0.005527
0.005975
0.000881
0.008191
0.010272
0.005659
0.001553
0.004091
0.007314
0.014161
0.003579
0.005899
0.005027
0.015254
0.011698
0.003906
0.001121
0.004896
0.015502
0.009300
0.003248
0.004062
0.006084
0.008472
0.014754
0.005502
0.001592
0.001503
0.006618
0.014679
0.016848
0.003683
0.004232
0.002905
0.013082
0.013701
0.003409
0.001662
0.000945
0.001267
0.007491
0.004696
0.006115
0.004238
0.004215
0.017674
0.004254
0.002508
0.004082
0.012958
0.009658
0.007856
0.001447
0.000942
0.021376
0.009157
0.005319
0.001623
0.000856
0.010332
0.016974
0.004574
0.001136
0.000502
0.008334
0.015797
0.016504
0.003540
0.006221
0.004288
0.012632
0.012612
0.005927
0.002587
0.004024
0.014573
0.016576
0.003539
0.001757
0.003276
0.004400
0.014199
0.004434
0.005602
0.002792
0.000659
0.016702
0.007031
0.005156
0.007137
0.005440
