







































































































































































































































































































































































































































































































































































































































































































































































































































































































































































































































0.005492
0.005211
0.001727
0.011565
0.010462
0.005697
0.000900
0.001320
0.009855
0.010342
0.004305
0.004603
0.004992
0.008447
0.010357
0.001236
0.004598
0.000982
0.005468
0.008835
0.002626
0.005014
0.003452
0.010910
0.010465
0.008474
0.000889
0.001208
0.009588
0.007122
0.011417
0.005781
0.004760
0.001576
0.018530
0.008750
0.002552
0.004699
0.004943
0.003812
0.008351
0.005393
0.004944
0.000901
0.011982
0.013556
0.003966
0.003542
0.003706
0.022051
0.005523
0.007100
0.006143
0.003054
0.020921
0.011520
0.001927
0.005262
0.005051
0.016802
0.017371
0.002463
0.002889
0.005366
0.012297
0.010597
0.002472
0.005922
0.003226
0.010314
0.014629
0.002942
0.001968
0.003449
0.001445
0.010622
0.005650
0.003882
0.004772
0.009245
0.010403
0.002028
0.005286
0.000467
0.005712
0.007516
0.002894
0.000655
0.003389
0.000506
0.014602
0.003193
0.000803
0.000766
0.000428
0.009351
0.001487
0.003178
0.005371
0.005158
0.009347
0.004246
0.005361
0.001770
0.007992
0.013936
0.003234
0.002962
0.003262
0.001515
0.009508
0.004492
0.000759
0.000826
0.013402
0.011047
0.003104
0.004689
0.003951
0.005120
0.010830
0.009293
0.005784
0.000679
0.006660
0.010929
0.007917
0.003022
0.008886
0.002611
0.010981
0.010670
0.006996
0.005910
0.003177
0.008859
0.003625
0.002318
0.005835
0.004911
0.001728
0.010519
0.001327
0.003634
0.001639
0.004682
0.012899
0.001606
0.001132
0.005389
0.004374
0.019256
0.001967
0.007702
0.004787
0.019844
0.009474
0.003979
0.005033
0.003624
0.005858
0.008441
0.003724
0.002036
0.002043
0.007412
0.006452
0.003505
0.003980
0.001518
0.002051
0.005598
0.003355
0.002825
0.007281
0.004608
0.010394
0.005891
0.004728
0.003816
0.009884
0.008671
0.002671
0.003995
0.003759
0.019686
0.010373
0.003859
0.004136
0.005196
0.002480
0.012837
0.006744
0.002843
0.005922
0.001281
0.012572
0.006393
0.001077
0.002187
0.030535
0.002231
0.005051
0.004750
0.023947
0.009287
0.004598
0.006058
0.000839
0.003579
0.016754
0.004415
0.002254
0.002303
0.019882
0.010401
0.001700
0.001529
0.003708
0.004072
0.010624
0.003480
0.002357
0.000649
0.000643
0.010398
0.004071
0.001619
0.002784
0.003497
0.011648
0.005772
0.000548
0.001453
0.012080
0.010634
0.004418
0.003079
0.001210
0.010916
0.005514
0.004039
0.000790
0.004965
0.023883
0.006590
0.002122
0.001815
0.004555
0.010931
0.010541
0.002131
0.000648
0.003308
0.013602
0.010298
0.003271
0.003193
0.001437
0.010753
0.021163
0.001291
0.001800
0.002827
0.016989
0.012876
0.009947
0.004692
0.000708
0.003920
0.010516
0.005180
0.005450
0.003947
0.021501
0.005313
0.007876
0.005295
0.001432
0.005505
0.010610
0.004351
0.004585
0.003631
0.003394
0.006361
0.005724
0.007959
0.005422
0.013510
0.012654
0.005643
0.005279
0.005275
0.008133
0.011130
0.004507
0.003454
0.005436
0.011780
0.010541
0.004343
0.003928
0.002282
0.011154
0.004286
0.002723
0.004723
0.003777
0.004358
0.010495
0.005420
0.000676
0.002333
0.012458
0.007347
0.003364
0.004723
0.005852
0.004836
0.011453
0.002405
0.006247
0.005330
0.014236
0.005567
0.003478
0.004647
0.001678
0.004502
0.018216
0.003986
0.002749
0.000538
0.001193
0.009475
0.004662
0.005285
0.004803
0.012493
0.008430
0.006935
0.005260
0.004963
0.016363
0.007499
0.003869
0.000533
0.003471
0.001367
0.011661
0.001637
0.005443
0.004814
0.000546
0.010692
0.002154
0.004367
0.001616
0.014498
0.009667
0.004844
0.004900
0.002921
0.010586
0.001146
0.004385
0.021452
0.009623
0.004746
0.006011
0.003960
0.013780
0.005501
0.001693
0.004300
0.004013
0.008699
0.006483
0.003671
0.003957
0.005377
0.011983
0.001505
0.006113
0.003851
0.016519
0.009456
0.001480
0.001510
0.004110
0.010100
0.013534
0.001613
0.000890
0.002027
0.015630
0.010464
0.003502
0.005834
0.005466
0.007302
0.010542
0.007682
0.006278
0.002606
0.010062
0.010899
0.005373
0.003288
0.000664
0.005345
0.013032
0.005190
0.005377
0.004352
0.000383
0.009353
0.009645
0.001505
0.005210
0.011640
0.001994
0.006100
0.005367
0.001364
0.010556
0.006632
0.007123
0.000919
0.006201
0.012588
0.003953
0.003368
0.000847
0.011419
0.010304
0.005958
0.006173
0.003450
0.010948
0.016466
0.012524
0.002213
0.005224
0.003794
0.003250
0.009614
0.006586
0.006937
0.000584
0.010690
0.006480
0.004574
0.001198
0.000434
0.015502
0.010343
0.001683
0.005072
0.000992
0.019743
0.003283
0.008689
0.008433
0.003997
0.020259
0.007234
0.005403
0.001424
0.002930
0.015058
0.005544
0.005307
0.004529
0.005391
0.009752
0.006344
0.003359
0.008129
0.005278
0.009576
0.008407
0.003673
0.005627
0.001528
0.017975
0.006339
0.006899
0.002306
0.002859
0.003390
0.010716
0.005635
0.005916
0.004074
0.025794
0.011190
0.001641
0.000693
