







































































































































































































































































































































































































































































































































































































































































































































































































































































































































































































































0.011729
0.014562
0.006125
0.005253
0.002834
0.017341
0.013529
0.004862
0.003569
0.002400
0.022999
0.006922
0.009168
0.001234
0.004627
0.012165
0.007701
0.006546
0.005304
0.003372
0.013914
0.005800
0.004700
0.002995
0.003825
0.001885
0.008771
0.006585
0.004206
0.006969
0.005869
0.005705
0.002779
0.002638
0.001002
0.005898
0.009343
0.007375
0.005367
0.000499
0.010618
0.007788
0.005859
0.003256
0.005218
0.012823
0.010607
0.005614
0.001413
0.002497
0.009070
0.007926
0.006799
0.005510
0.018460
0.009575
0.006694
0.007039
0.005659
0.011405
0.014291
0.006493
0.006755
0.004360
0.015927
0.010315
0.009613
0.002614
0.003815
0.014476
0.012374
0.006433
0.002961
0.006251
0.012958
0.010182
0.006763
0.007120
0.001262
0.021791
0.008483
0.007354
0.006966
0.005058
0.023222
0.015547
0.006386
0.002948
0.007181
0.013576
0.010802
0.008677
0.007314
0.005790
0.013916
0.003968
0.012126
0.006278
0.003105
0.004436
0.011725
0.003902
0.009370
0.006684
0.004575
0.011692
0.015466
0.009462
0.008545
0.003369
0.004790
0.010978
0.011396
0.004493
0.003043
0.017072
0.002890
0.009918
0.005633
0.001065
0.007847
0.007834
0.007522
0.006838
0.005503
0.013723
0.030374
0.006878
0.006836
0.021534
0.008269
0.014458
0.007519
0.007676
0.004006
0.003101
0.010345
0.013587
0.005488
0.003668
0.015869
0.012532
0.005540
0.007519
0.005144
0.019276
0.016067
0.004331
0.005693
0.003059
0.004272
0.011821
0.008909
0.003725
0.003411
0.003419
0.015646
0.011315
0.005835
0.006037
0.007839
0.005880
0.009824
0.002928
0.003266
0.003186
0.009048
0.010971
0.006410
0.001961
0.029991
0.012918
0.009847
0.007126
0.004935
0.005401
0.004950
0.013628
0.006229
0.003614
0.010832
0.010580
0.006583
0.004137
0.012970
0.005766
0.002561
0.001382
0.000598
0.010814
0.007173
0.002639
0.004692
0.024739
0.018873
0.009679
0.006612
0.001836
0.012326
0.015869
0.007860
0.002620
0.006003
0.016344
0.008441
0.010363
0.006154
0.001162
0.002528
0.003515
0.006708
0.005630
0.001175
0.005135
0.003628
0.010675
0.003893
0.011704
0.009485
0.013451
0.010255
0.006297
0.005370
0.006736
0.010648
0.006180
0.002511
0.005966
0.016426
0.011493
0.009418
0.002560
0.005293
0.011549
0.011206
0.003649
0.004720
0.014969
0.013451
0.010294
0.009876
0.005670
0.004694
0.011317
0.009771
0.006243
0.007276
0.004783
0.011257
0.005764
0.006950
0.005652
0.011869
0.007189
0.004744
0.003345
0.004101
0.001338
0.009966
0.003785
0.002032
0.013069
0.011228
0.008550
0.003858
0.004575
0.014886
0.005005
0.011565
0.005464
0.004369
0.012349
0.007340
0.007388
0.007436
0.007400
0.007034
0.009855
0.007884
0.001528
0.002778
0.018125
0.008223
0.008021
0.001095
0.006487
0.007035
0.009785
0.019260
0.002911
0.004557
0.016249
0.006302
0.009982
0.002850
0.003907
0.011928
0.028109
0.003201
0.002357
0.006094
0.014717
0.007601
0.007740
0.006703
0.003783
0.014101
0.016633
0.008251
0.006705
0.001306
0.023236
0.014798
0.005733
0.002819
0.003436
0.015423
0.007436
0.013717
0.004429
0.001960
0.016731
0.010671
0.006707
0.002550
0.002738
0.016539
0.011195
0.008383
0.007115
0.004186
0.007644
0.008788
0.005819
0.003110
0.002641
0.010305
0.011642
0.003776
0.005973
0.014927
0.020885
0.009341
0.010385
0.004010
0.004711
0.017346
0.029436
0.007444
0.002549
0.003803
0.008888
0.013952
0.006647
0.002713
0.003471
0.013091
0.004053
0.008970
0.006511
0.006034
0.013121
0.013913
0.008456
0.007720
0.002251
0.010451
0.003006
0.012960
0.004192
0.010317
0.013042
0.019008
0.006066
0.006853
0.001491
0.003439
0.004752
0.012747
0.004963
0.001394
0.010812
0.013379
0.007224
0.002707
0.002728
0.022402
0.020936
0.008924
0.006778
0.005768
0.010975
0.012881
0.010050
0.005179
0.005136
0.014545
0.009603
0.006608
0.006396
0.013784
0.018946
0.004224
0.005136
0.004202
0.005320
0.006066
0.009121
0.001989
0.003367
0.008082
0.007510
0.002664
0.002404
0.012820
0.014653
0.015802
0.012350
0.005343
0.004396
0.018411
0.013466
0.006933
0.003536
0.002414
0.014534
0.011770
0.010393
0.008247
0.004549
0.015904
0.013390
0.007538
0.002688
0.003796
0.014140
0.013172
0.005806
0.007349
0.005698
0.007397
0.016073
0.008990
0.004273
0.002311
0.003325
0.011874
0.009519
0.007305
0.005658
0.005420
0.016025
0.009605
0.006091
0.001457
0.006346
0.005532
0.006415
0.003220
0.004717
0.010250
0.004936
0.017212
0.010272
0.004118
0.005979
0.012205
0.006808
0.007256
0.002610
0.006269
0.012740
0.009813
0.004068
0.002951
0.001701
0.023007
0.011272
0.005822
0.006123
0.001559
0.013801
0.011285
0.010305
0.007069
0.005636
0.006133
0.023187
0.014284
0.005264
0.003673
0.009333
0.010290
0.009730
0.003832
0.003633
0.007178
0.019333
0.009122
0.003664
