







































































































































































































































































































































































































































































































































































































































































































































































































































































































































































































































0.005575
0.001628
0.004774
0.008830
0.017599
0.006067
0.005684
0.024145
0.019844
0.016341
0.005595
0.005345
0.000853
0.006517
0.019396
0.005956
0.005305
0.000429
0.019018
0.019630
0.006956
0.001806
0.003215
0.018204
0.008001
0.009741
0.004772
0.002990
0.000654
0.019435
0.016813
0.005445
0.001219
0.002551
0.010863
0.009829
0.009628
0.001379
0.001200
0.014082
0.011626
0.006685
0.007266
0.004965
0.012588
0.015468
0.006675
0.003302
0.002767
0.019153
0.006564
0.001613
0.002823
0.007307
0.009431
0.007205
0.001821
0.001403
0.018550
0.015831
0.004790
0.005134
0.009241
0.019893
0.012293
0.007515
0.006037
0.002950
0.004897
0.019639
0.005680
0.001956
0.001548
0.014286
0.001848
0.003683
0.006369
0.004900
0.021072
0.013533
0.007103
0.003917
0.005443
0.014767
0.016695
0.004478
0.008311
0.000768
0.055780
0.016662
0.004396
0.005414
0.041369
0.057183
0.020646
0.092728
0.004374
0.030319
0.016370
0.011319
0.006344
0.005202
0.019500
0.005636
0.003773
0.005986
0.007368
0.024215
0.018556
0.003696
0.006055
0.003257
0.008756
0.019324
0.006824
0.006043
0.005170
0.022341
0.019637
0.006519
0.004839
0.004294
0.013675
0.018766
0.006113
0.005281
0.002321
0.021525
0.008630
0.016528
0.006965
0.001911
0.001160
0.013088
0.009664
0.004930
0.005784
0.000946
0.015913
0.021627
0.007664
0.004355
0.004261
0.014923
0.015130
0.005623
0.001616
0.020908
0.015224
0.002569
0.007792
0.003146
0.002011
0.031866
0.015724
0.008674
0.002691
0.009266
0.015173
0.012380
0.006461
0.003533
0.009715
0.016693
0.005003
0.008612
0.006212
0.000384
0.012910
0.016688
0.004946
0.005787
0.004451
0.011622
0.008602
0.003370
0.002755
0.013093
0.010860
0.005889
0.002886
0.001811
0.009046
0.020509
0.016637
0.003454
0.005175
0.000508
0.015630
0.015173
0.006758
0.005582
0.000849
0.017139
0.008788
0.006303
0.005989
0.001806
0.031250
0.009535
0.005621
0.001683
0.002723
0.016255
0.019231
0.005879
0.001581
0.000749
0.015150
0.014816
0.010597
0.007183
0.004075
0.001167
0.012031
0.014601
0.007254
0.004095
0.000429
0.009175
0.008776
0.009587
0.006005
0.003863
0.015844
0.013402
0.009676
0.003371
0.005319
0.007844
0.023172
0.017045
0.002983
0.001609
0.002304
0.022946
0.015182
0.010586
0.003688
0.001170
0.019247
0.021445
0.006087
0.001215
0.004333
0.015667
0.013785
0.006739
0.001694
0.007437
0.011563
0.017409
0.004312
0.007033
0.004377
0.006447
0.022058
0.007136
0.005891
0.004778
0.037598
0.021532
0.007273
0.005450
0.029219
0.018475
0.022228
0.006911
0.002940
0.000444
0.015587
0.015727
0.006063
0.003625
0.004344
0.030247
0.016761
0.007732
0.005609
0.002258
0.016777
0.003612
0.001532
0.003702
0.022255
0.014776
0.003920
0.004361
0.002188
0.028220
0.006477
0.015580
0.007360
0.002202
0.051358
0.055527
0.014409
0.000511
0.005090
0.001610
0.007891
0.023182
0.004880
0.003501
0.005199
0.023199
0.013740
0.003721
0.003948
0.012374
0.015360
0.008916
0.007135
0.001732
0.007383
0.007736
0.020441
0.002924
0.005576
0.000616
0.021649
0.016756
0.003543
0.001573
0.004337
0.007540
0.020516
0.003645
0.006063
0.003655
0.014272
0.008713
0.003080
0.001870
0.000889
0.014274
0.020524
0.005537
0.004463
0.005155
0.011795
0.012798
0.002900
0.001419
0.003895
0.032598
0.019551
0.007797
0.003266
0.002005
0.034850
0.013102
0.007847
0.004504
0.004718
0.030512
0.014592
0.009433
0.004632
0.010425
0.055193
0.020455
0.006883
0.005106
0.002725
0.013259
0.021290
0.003072
0.001604
0.022794
0.013830
0.018581
0.009790
0.003231
0.005363
0.011891
0.015838
0.003702
0.001597
0.000717
0.017484
0.015839
0.006587
0.002000
0.004956
0.004735
0.008556
0.004584
0.005323
0.001036
0.010926
0.015857
0.004270
0.002139
0.003158
0.017893
0.021534
0.003490
0.003795
0.003203
0.020963
0.013910
0.007124
0.004667
0.005470
0.011611
0.021366
0.006522
0.005364
0.004236
0.008770
0.019639
0.005604
0.005316
0.003416
0.021921
0.013910
0.004615
0.001953
0.000857
0.011788
0.016521
0.003944
0.001795
0.001999
0.009059
0.015689
0.003293
0.006131
0.006876
0.016914
0.034316
0.002828
0.001782
0.021120
0.013636
0.015107
0.003092
0.007419
0.001593
0.019752
0.016712
0.004455
0.001672
0.007386
0.017083
0.019707
0.004951
0.003299
0.001545
0.018404
0.014146
0.009083
0.006845
0.005649
0.024475
0.009811
0.004198
0.004586
0.003272
0.016393
0.014582
0.004700
0.001570
0.000350
0.009889
0.012928
0.005286
0.006049
0.005238
0.014671
0.012854
0.004224
0.005373
0.004424
0.008535
0.019307
0.004197
0.006026
0.000587
0.015127
0.009833
0.005501
0.004467
0.001483
0.013775
0.009143
0.004034
0.001647
0.000595
0.021224
0.017882
0.003464
0.001698
0.005127
0.013580
0.021423
0.006716
0.005073
0.021180
