







































































































































































































































































































































































































































































































































































































































































































































































































































































































































































































































0.013618
0.003205
0.004172
0.023440
0.021883
0.009523
0.004892
0.002784
0.008908
0.008417
0.010237
0.007222
0.004427
0.019971
0.021387
0.007790
0.008944
0.007138
0.005365
0.009604
0.001780
0.008959
0.007128
0.005688
0.001043
0.007968
0.006588
0.006871
0.005495
0.001365
0.009774
0.008809
0.002676
0.004308
0.007886
0.029446
0.008634
0.006842
0.003258
0.003849
0.009318
0.013075
0.004502
0.014756
0.012905
0.018692
0.005129
0.006924
0.004248
0.016647
0.015867
0.007808
0.007142
0.005697
0.018403
0.015033
0.006279
0.006309
0.004230
0.003196
0.003566
0.006584
0.007364
0.004286
0.027087
0.009738
0.012083
0.003217
0.005448
0.006299
0.008701
0.002347
0.003260
0.005310
0.012979
0.009086
0.007836
0.004013
0.008484
0.016148
0.005569
0.008465
0.007427
0.005298
0.017282
0.012787
0.006706
0.006679
0.005593
0.018088
0.003860
0.005229
0.004136
0.004249
0.007270
0.013790
0.010912
0.004933
0.005153
0.007130
0.025684
0.007774
0.003564
0.005615
0.012061
0.004859
0.007576
0.003301
0.006397
0.012787
0.011859
0.010999
0.003142
0.005538
0.007817
0.021000
0.002467
0.004787
0.002186
0.005297
0.004971
0.001417
0.004728
0.005203
0.020862
0.012170
0.016702
0.005662
0.005283
0.004000
0.015026
0.004918
0.002701
0.004585
0.001745
0.005704
0.010167
0.002895
0.001124
0.012797
0.007045
0.009683
0.006222
0.003698
0.018005
0.013498
0.003806
0.007305
0.001075
0.002295
0.009494
0.017795
0.004625
0.005598
0.001404
0.007980
0.006789
0.005095
0.004147
0.009700
0.007804
0.006109
0.005195
0.002402
0.006578
0.000631
0.002689
0.003839
0.020660
0.015756
0.006752
0.007969
0.006266
0.006343
0.005101
0.010514
0.007718
0.003360
0.004523
0.007118
0.002113
0.005059
0.001463
0.008291
0.016770
0.009443
0.005626
0.004351
0.004449
0.009197
0.008549
0.004627
0.005085
0.003405
0.006284
0.007782
0.003682
0.002739
0.006260
0.003487
0.007619
0.004124
0.003174
0.013791
0.010832
0.004599
0.004226
0.001038
0.002264
0.007820
0.008058
0.005930
0.002916
0.010419
0.008042
0.009094
0.007036
0.001408
0.004043
0.019984
0.012763
0.004067
0.003568
0.011926
0.015902
0.007729
0.007437
0.005509
0.022980
0.012738
0.007397
0.006622
0.002805
0.014369
0.013728
0.009128
0.002578
0.003680
0.004242
0.014116
0.007656
0.003022
0.004911
0.003491
0.011546
0.001639
0.003835
0.001568
0.001328
0.014664
0.008505
0.007049
0.004800
0.016283
0.015806
0.007403
0.005232
0.003428
0.004345
0.020343
0.010574
0.010795
0.005650
0.005004
0.007164
0.014476
0.007244
0.007330
0.003759
0.010810
0.018877
0.009582
0.006984
0.005554
0.010980
0.015826
0.010872
0.004672
0.003366
0.022357
0.012514
0.005512
0.009995
0.005440
0.001543
0.000385
0.017276
0.009638
0.007294
0.005505
0.004592
0.011153
0.006295
0.003930
0.004917
0.003724
0.011803
0.011890
0.005101
0.003910
0.004762
0.014576
0.006440
0.003891
0.004546
0.022271
0.015559
0.008295
0.003755
0.002256
0.012040
0.015516
0.006359
0.002706
0.002856
0.016635
0.009712
0.007689
0.007319
0.004312
0.029038
0.006397
0.008584
0.003680
0.001552
0.003419
0.011172
0.011492
0.006349
0.006736
0.003470
0.007741
0.006599
0.007479
0.001141
0.021221
0.015799
0.006955
0.006933
0.005655
0.000460
0.015829
0.006751
0.005564
0.004772
0.009590
0.010519
0.010356
0.005374
0.001587
0.019016
0.008979
0.004895
0.002123
0.011759
0.019937
0.006864
0.007055
0.005319
0.003137
0.013867
0.010139
0.004118
0.038168
0.001684
0.008356
0.007286
0.003279
0.003060
0.011722
0.006674
0.005349
0.002943
0.002175
0.012584
0.011811
0.005466
0.005723
0.010814
0.006461
0.008423
0.006686
0.001324
0.002375
0.006050
0.009702
0.007745
0.005162
0.020404
0.005694
0.006873
0.004768
0.002044
0.012273
0.003334
0.008248
0.002780
0.001517
0.020389
0.008367
0.011749
0.005827
0.004050
0.007618
0.012740
0.008984
0.006182
0.001548
0.022063
0.011719
0.015343
0.055590
0.020733
0.058621
0.021411
0.009408
0.004539
0.024821
0.029475
0.013687
0.012507
0.049571
0.038454
0.044894
0.005375
0.011368
0.006272
0.010982
0.001861
0.011554
0.019582
0.017331
0.024373
0.036280
0.015811
0.056208
0.092409
0.023420
0.054589
0.015013
0.007607
0.002852
0.005108
0.004310
0.009072
0.009250
0.007262
0.001727
0.014248
0.014795
0.011725
0.003234
0.002031
0.020807
0.021433
0.012800
0.002922
0.002627
0.003514
0.010774
0.006572
0.002989
0.001752
0.000484
0.014555
0.011202
0.011047
0.006784
0.005407
0.000685
0.015117
0.008352
0.007451
0.001622
0.004495
0.012935
0.009577
0.006677
0.002482
0.002401
0.007883
0.006625
0.007209
0.007470
0.004935
0.010426
0.023669
0.009846
0.007338
0.001720
0.002528
0.006736
0.017429
0.002521
0.002051
0.002185
0.013594
0.009630
0.002579
0.004432
