







































































































































































































































































































































































































































































































































































































































































































































































































































































































































































































































0.002802
0.000573
0.018488
0.026275
0.004334
0.002904
0.005820
0.020814
0.024683
0.010539
0.003253
0.000719
0.014096
0.015891
0.004319
0.007013
0.000645
0.020331
0.020354
0.007912
0.002857
0.000720
0.013375
0.024390
0.006559
0.008145
0.005585
0.014756
0.016520
0.002798
0.008648
0.015674
0.019170
0.014968
0.008404
0.001487
0.012337
0.022597
0.011610
0.007625
0.002352
0.013115
0.017542
0.012215
0.009371
0.000961
0.013026
0.018048
0.004882
0.004978
0.002306
0.015049
0.013299
0.011649
0.003883
0.011621
0.022879
0.019373
0.008347
0.006444
0.003745
0.009410
0.019819
0.013786
0.003681
0.002365
0.015671
0.014420
0.010556
0.001723
0.003810
0.004157
0.020482
0.008451
0.002616
0.004524
0.022804
0.046155
0.008585
0.003842
0.003345
0.019035
0.025720
0.003580
0.004350
0.010775
0.018002
0.018498
0.009956
0.001151
0.000662
0.017494
0.020805
0.010086
0.001768
0.005393
0.027816
0.011676
0.014382
0.004994
0.004622
0.008310
0.020996
0.013970
0.003120
0.010566
0.013262
0.016043
0.004523
0.002502
0.000763
0.014517
0.020258
0.009418
0.004355
0.006268
0.023676
0.033175
0.010585
0.003695
0.004756
0.025598
0.021623
0.009607
0.001166
0.019226
0.016191
0.020669
0.008710
0.001856
0.002375
0.018222
0.012066
0.015482
0.002942
0.012891
0.018600
0.019781
0.010272
0.002902
0.004349
0.019182
0.021743
0.015587
0.001383
0.002696
0.039701
0.018330
0.007336
0.002469
0.009099
0.013488
0.017637
0.014446
0.006354
0.009257
0.017689
0.019453
0.011925
0.005744
0.001189
0.004723
0.031241
0.009417
0.005921
0.001056
0.013021
0.022488
0.010570
0.004470
0.017579
0.025940
0.020330
0.005462
0.002742
0.007902
0.022285
0.021395
0.010525
0.007563
0.023251
0.021718
0.012818
0.010467
0.001142
0.005734
0.025854
0.021743
0.010520
0.003153
0.002077
0.019373
0.023672
0.010521
0.005079
0.003630
0.025309
0.028210
0.010462
0.001466
0.003332
0.022795
0.019961
0.008400
0.002747
0.002219
0.015783
0.018593
0.010235
0.004403
0.001575
0.020202
0.018871
0.007480
0.002397
0.011460
0.009352
0.021253
0.012437
0.003988
0.008590
0.015509
0.032169
0.012514
0.002102
0.003400
0.019524
0.017633
0.003473
0.004235
0.001755
0.019302
0.021818
0.018166
0.001284
0.000735
0.024159
0.019380
0.010673
0.001646
0.018450
0.028571
0.020827
0.019076
0.005930
0.005712
0.022327
0.015506
0.015209
0.002144
0.004056
0.007568
0.019730
0.017226
0.006061
0.010269
0.019624
0.015070
0.010674
0.004659
0.004202
0.014389
0.016148
0.010524
0.002796
0.001042
0.024640
0.008559
0.010947
0.001942
0.001898
0.021974
0.021601
0.012427
0.003355
0.003883
0.030417
0.013455
0.010473
0.004410
0.000623
0.017356
0.024467
0.005000
0.004163
0.006878
0.023684
0.011565
0.004696
0.003381
0.014623
0.019349
0.010511
0.002569
0.001722
0.018019
0.025345
0.012511
0.003852
0.002285
0.005087
0.015544
0.003324
0.000506
0.011861
0.019890
0.017235
0.002914
0.010329
0.008792
0.020598
0.006644
0.004747
0.003951
0.021316
0.020492
0.012421
0.002925
0.006295
0.016728
0.019232
0.008349
0.004697
0.038531
0.006095
0.015389
0.011946
0.001897
0.003371
0.011626
0.015826
0.010342
0.002234
0.004778
0.012970
0.021492
0.019725
0.006905
0.001395
0.022963
0.012446
0.003697
0.004003
0.018248
0.018276
0.021462
0.005630
0.006578
0.002145
0.020843
0.013036
0.011074
0.008677
0.004635
0.005145
0.022300
0.003464
0.004045
0.003246
0.023312
0.019491
0.016355
0.004053
0.005071
0.012375
0.010886
0.003252
0.001840
0.005707
0.017235
0.013700
0.010185
0.001701
0.000690
0.015040
0.024714
0.005995
0.002823
0.003899
0.048370
0.019232
0.006607
0.002130
0.004216
0.024589
0.014784
0.008411
0.005699
0.000857
0.005008
0.026304
0.019414
0.002590
0.000481
0.005563
0.010693
0.013475
0.006232
0.000603
0.014763
0.013219
0.010125
0.005881
0.001086
0.012289
0.012325
0.005914
0.003769
0.012300
0.018565
0.008497
0.002787
0.000694
0.026321
0.022697
0.020293
0.001362
0.000578
0.012718
0.017627
0.009964
0.002727
0.004081
0.018925
0.035512
0.005773
0.005640
0.000722
0.015500
0.023250
0.011674
0.004258
0.002680
0.023893
0.013183
0.015772
0.003142
0.014582
0.047042
0.017447
0.013610
0.001309
0.010432
0.020194
0.036201
0.007094
0.003818
0.002790
0.014257
0.018591
0.021220
0.002565
0.010723
0.012977
0.011489
0.007601
0.003516
0.021742
0.008182
0.017672
0.010575
0.004915
0.012683
0.025246
0.021293
0.011571
0.003590
0.000719
0.003855
0.021347
0.011471
0.004710
0.003946
0.026314
0.023444
0.020065
0.006716
0.004824
0.010813
0.017240
0.013067
0.003213
0.004659
0.014965
0.020009
0.011256
0.004677
0.004770
0.005043
0.027522
0.011764
0.004300
0.004646
0.014890
0.019697
0.010629
0.001753
0.018296
0.022354
0.019581
