







































































































































































































































































































































































































































































































































































































































































































































































































































































































































































































































0.001544
0.005061
0.003320
0.003562
0.010601
0.002987
0.000836
0.001319
0.004290
0.011628
0.001820
0.003497
0.000986
0.001359
0.014533
0.004912
0.000512
0.001117
0.016557
0.010453
0.002342
0.003747
0.004364
0.009040
0.015450
0.002864
0.000621
0.005775
0.003007
0.013729
0.003757
0.011021
0.004800
0.004664
0.006691
0.001754
0.005431
0.001968
0.018635
0.008394
0.002552
0.002589
0.001556
0.012694
0.011884
0.004641
0.000700
0.004033
0.018866
0.013533
0.003117
0.000729
0.001089
0.004008
0.010484
0.003853
0.003118
0.000904
0.001332
0.010186
0.003644
0.003634
0.001751
0.013345
0.009389
0.004602
0.007391
0.003635
0.005194
0.010776
0.002935
0.004759
0.004453
0.006417
0.009249
0.002877
0.003872
0.009641
0.022417
0.007605
0.003149
0.000681
0.001935
0.026169
0.006964
0.005338
0.005409
0.000688
0.003835
0.012674
0.001644
0.005052
0.010287
0.002534
0.012660
0.002824
0.001719
0.003086
0.017568
0.003270
0.001650
0.007178
0.023826
0.018866
0.010699
0.002195
0.003064
0.003470
0.004504
0.011852
0.006560
0.004237
0.001806
0.005683
0.014415
0.005917
0.002001
0.004591
0.004696
0.009728
0.004092
0.003155
0.001918
0.004319
0.008610
0.010649
0.003543
0.001691
0.001948
0.004513
0.008519
0.005566
0.002550
0.002075
0.002278
0.008232
0.002332
0.002705
0.000892
0.005627
0.012946
0.007840
0.004099
0.003624
0.007373
0.010783
0.004044
0.003417
0.005422
0.027864
0.010256
0.004178
0.005068
0.005382
0.006298
0.014515
0.049886
0.003663
0.003982
0.001287
0.021236
0.005542
0.001081
0.012580
0.008376
0.010502
0.005971
0.005233
0.004237
0.005641
0.008584
0.001236
0.001090
0.004234
0.000702
0.009551
0.001478
0.000832
0.004932
0.025032
0.006787
0.005822
0.004391
0.004404
0.000577
0.007792
0.002959
0.007023
0.002559
0.006230
0.006414
0.002105
0.002036
0.011307
0.015371
0.014209
0.004574
0.000914
0.001749
0.001103
0.010470
0.004146
0.004472
0.000652
0.015971
0.015169
0.003646
0.003902
0.005415
0.007603
0.021223
0.010691
0.001772
0.001569
0.003599
0.011209
0.010706
0.002856
0.004243
0.001204
0.005061
0.004608
0.004623
0.005194
0.004581
0.005311
0.008485
0.006267
0.004855
0.001216
0.004199
0.021480
0.002573
0.009533
0.003452
0.004237
0.010685
0.002150
0.006213
0.002601
0.021352
0.009910
0.003567
0.004433
0.003195
0.010973
0.011052
0.004570
0.005295
0.006690
0.010838
0.003365
0.000847
0.004028
0.022516
0.007901
0.005018
0.005362
0.006009
0.004775
0.010817
0.007697
0.001405
0.005311
0.007241
0.008614
0.006911
0.002788
0.004696
0.017717
0.021202
0.004615
0.005338
0.000969
0.003470
0.010927
0.002640
0.001855
0.002908
0.005347
0.007733
0.002348
0.004937
0.009148
0.014275
0.011590
0.004136
0.004290
0.003437
0.000620
0.006094
0.003955
0.006959
0.003052
0.000489
0.010637
0.006030
0.000806
0.002307
0.006347
0.010611
0.011078
0.000741
0.001540
0.003251
0.010633
0.006985
0.002722
0.004412
0.022979
0.010575
0.007362
0.003912
0.006197
0.012936
0.006444
0.004967
0.002189
0.005104
0.004488
0.006207
0.005647
0.001536
0.004422
0.002572
0.009677
0.003523
0.000652
0.004804
0.004961
0.012752
0.009336
0.003147
0.004233
0.006055
0.007584
0.008191
0.000750
0.001079
0.003702
0.011944
0.003271
0.001720
0.004110
0.008367
0.011627
0.002662
0.003473
0.002921
0.016669
0.010742
0.004326
0.005199
0.001017
0.004244
0.009884
0.010647
0.002982
0.003711
0.004694
0.005453
0.009443
0.001651
0.003832
0.023448
0.016447
0.015803
0.006066
0.002026
0.004797
0.004331
0.009840
0.005660
0.006413
0.003363
0.000253
0.007823
0.005916
0.003315
0.000696
0.004953
0.016554
0.005793
0.000384
0.004212
0.020905
0.011588
0.002120
0.003136
0.004235
0.019275
0.010450
0.003800
0.004752
0.000394
0.000858
0.008849
0.001607
0.005366
0.000407
0.008086
0.015442
0.003665
0.006881
0.003120
0.002400
0.004969
0.002826
0.001074
0.001905
0.002594
0.009697
0.011357
0.001100
0.002209
0.001125
0.013216
0.010501
0.002670
0.004644
0.003874
0.018178
0.012126
0.001191
0.001629
0.004524
0.007607
0.008879
0.010419
0.005431
0.001533
0.003163
0.022156
0.010372
0.002941
0.002700
0.001967
0.012046
0.016561
0.004472
0.004122
0.002862
0.040211
0.006409
0.004607
0.003653
0.002297
0.004252
0.005273
0.003326
0.003242
0.000508
0.001870
0.011858
0.005360
0.003714
0.001679
0.005143
0.006658
0.002724
0.002917
0.003304
0.004368
0.006105
0.010272
0.002984
0.007204
0.002105
0.000815
0.008511
0.004818
0.006327
0.003033
0.005323
0.004538
0.005359
0.000593
0.001395
0.002041
0.010500
0.006091
0.004743
0.000981
0.002453
0.005685
0.004084
0.004942
0.006937
0.011245
0.009764
0.001795
0.004771
0.008710
0.011130
0.004180
0.005318
0.001833
0.001756
0.002558
0.010465
