







































































































































































































































































































































































































































































































































































































































































































































































































































































































































































































































0.013030
0.010679
0.006637
0.003617
0.003943
0.023312
0.014800
0.007670
0.001817
0.010766
0.008849
0.014799
0.003155
0.003829
0.004425
0.005356
0.018544
0.009263
0.005804
0.011114
0.005080
0.016671
0.008684
0.005975
0.000932
0.013414
0.019664
0.006740
0.005164
0.001408
0.023021
0.014663
0.010854
0.003889
0.001987
0.001934
0.011464
0.018502
0.006697
0.001796
0.002040
0.005975
0.016831
0.009800
0.004683
0.004798
0.021967
0.021733
0.007639
0.001351
0.021103
0.011089
0.013652
0.007983
0.002330
0.001377
0.010145
0.018333
0.006850
0.005467
0.006610
0.020360
0.016703
0.008669
0.005171
0.024791
0.016293
0.007426
0.006356
0.005320
0.002285
0.011813
0.004459
0.006374
0.006579
0.019931
0.005860
0.006365
0.001731
0.003078
0.015467
0.008573
0.007632
0.001513
0.006439
0.015622
0.014343
0.019198
0.008494
0.001771
0.021810
0.011576
0.006952
0.004963
0.001772
0.002804
0.017310
0.017805
0.004087
0.002975
0.000792
0.014987
0.010016
0.004258
0.001783
0.000804
0.014785
0.013603
0.007076
0.003331
0.022396
0.017415
0.024308
0.003571
0.004668
0.019760
0.018755
0.017761
0.004088
0.003218
0.013185
0.020362
0.009669
0.007459
0.004174
0.001778
0.014857
0.013476
0.002481
0.005765
0.006243
0.016987
0.012930
0.006119
0.004386
0.006018
0.014928
0.005362
0.005776
0.020757
0.021545
0.021205
0.010145
0.003457
0.009756
0.031546
0.023058
0.005874
0.003588
0.018331
0.019262
0.006472
0.001844
0.016940
0.012922
0.009229
0.016710
0.004142
0.007364
0.004152
0.020087
0.015537
0.003582
0.004792
0.005212
0.019691
0.014766
0.003128
0.005184
0.003928
0.012964
0.017498
0.010361
0.007387
0.004966
0.015841
0.011145
0.021550
0.003579
0.004396
0.005327
0.014248
0.011364
0.006600
0.005882
0.005057
0.009325
0.018464
0.008989
0.007247
0.006435
0.021365
0.004992
0.019431
0.003054
0.005327
0.009422
0.020010
0.015859
0.006078
0.005864
0.004858
0.019164
0.015301
0.002892
0.005909
0.003868
0.020321
0.020859
0.006285
0.002543
0.009052
0.018698
0.019598
0.005276
0.013274
0.008811
0.017815
0.010612
0.007655
0.005135
0.006742
0.019091
0.014962
0.012579
0.005514
0.002554
0.033784
0.021531
0.004410
0.005279
0.005320
0.016919
0.019792
0.007723
0.004074
0.004802
0.014385
0.013497
0.005330
0.001152
0.002269
0.016199
0.016604
0.019331
0.005360
0.001728
0.013071
0.024074
0.019367
0.012633
0.006245
0.005786
0.013869
0.015228
0.014316
0.005374
0.017521
0.011931
0.015165
0.009735
0.006295
0.001280
0.006039
0.013869
0.027321
0.004692
0.001664
0.014859
0.013149
0.016460
0.004735
0.001959
0.015614
0.020759
0.014602
0.003644
0.005896
0.015842
0.013250
0.019437
0.006234
0.006058
0.003795
0.021967
0.008507
0.005791
0.004748
0.014716
0.013982
0.020535
0.003781
0.004565
0.016607
0.028353
0.020562
0.009631
0.003739
0.004671
0.004422
0.020553
0.014512
0.003838
0.001971
0.010819
0.021907
0.014502
0.004944
0.001959
0.009732
0.014119
0.010065
0.006697
0.004062
0.001468
0.011582
0.016604
0.003253
0.005587
0.005137
0.011199
0.017976
0.003769
0.002205
0.006686
0.005788
0.020485
0.007745
0.006040
0.020845
0.010255
0.016648
0.004823
0.004598
0.006875
0.012824
0.015741
0.004162
0.005979
0.001482
0.012033
0.016709
0.006435
0.005901
0.013642
0.012393
0.016567
0.003628
0.002940
0.009228
0.021085
0.003963
0.003949
0.001648
0.039453
0.036897
0.016896
0.005518
0.005814
0.021744
0.018912
0.019001
0.015589
0.002778
0.002978
0.027100
0.023959
0.010439
0.006281
0.005977
0.004944
0.009864
0.018720
0.007302
0.005890
0.005401
0.015283
0.011109
0.007996
0.006015
0.012254
0.005058
0.020977
0.008578
0.001656
0.003169
0.017823
0.016643
0.002991
0.005738
0.005830
0.020935
0.016560
0.007425
0.003267
0.015780
0.011236
0.008855
0.014576
0.004199
0.005891
0.001510
0.014219
0.010556
0.006618
0.005794
0.000960
0.017781
0.016616
0.004303
0.005951
0.003388
0.020039
0.016812
0.003713
0.005423
0.003457
0.034751
0.015560
0.004957
0.005234
0.000741
0.013608
0.018536
0.007900
0.005968
0.023386
0.014075
0.009263
0.003860
0.001708
0.001178
0.005833
0.017428
0.004556
0.001967
0.000751
0.018219
0.039064
0.005060
0.004912
0.007746
0.004711
0.019571
0.004147
0.006210
0.014335
0.013084
0.005383
0.004102
0.004100
0.000788
0.015621
0.021847
0.007501
0.005878
0.002828
0.020410
0.014750
0.003493
0.005211
0.000949
0.017223
0.014678
0.006953
0.002249
0.022422
0.013896
0.008949
0.007661
0.005842
0.010946
0.034059
0.007854
0.006913
0.005168
0.021838
0.029749
0.008707
0.004955
0.008734
0.012808
0.021300
0.005656
0.006193
0.005307
0.004807
0.016715
0.015436
0.004027
0.001767
0.005436
0.020015
0.016658
0.009668
0.004371
0.004749
0.020960
0.005972
0.004930
