







































































































































































































































































































































































































































































































































































































































































































































































































































































































































































































































0.002820
0.011735
0.019401
0.006622
0.002698
0.004426
0.004217
0.009422
0.010163
0.007599
0.003478
0.003225
0.010953
0.005307
0.004780
0.005136
0.013580
0.037593
0.005919
0.006922
0.005481
0.023207
0.002298
0.006864
0.007128
0.005338
0.013746
0.016718
0.012304
0.002752
0.001774
0.003821
0.014408
0.010639
0.003929
0.002744
0.005719
0.009444
0.008141
0.002559
0.005353
0.007522
0.008072
0.007001
0.011258
0.002145
0.007660
0.021781
0.008494
0.009174
0.001750
0.005171
0.005112
0.013738
0.008561
0.008459
0.001669
0.011472
0.007981
0.007961
0.005916
0.001672
0.011634
0.007566
0.006991
0.006443
0.017522
0.007971
0.003026
0.003876
0.006181
0.015664
0.009524
0.003636
0.003909
0.005205
0.018687
0.006975
0.009669
0.003258
0.014398
0.016344
0.008599
0.006108
0.004215
0.013199
0.010611
0.008278
0.005838
0.001623
0.003640
0.012336
0.006739
0.009303
0.003086
0.005043
0.009413
0.011920
0.007325
0.006109
0.019294
0.020902
0.009148
0.002917
0.007935
0.020631
0.017252
0.007069
0.002593
0.010863
0.004507
0.010761
0.007332
0.007169
0.006799
0.015765
0.015451
0.009023
0.008392
0.001472
0.006505
0.020478
0.009102
0.008286
0.005365
0.010938
0.012440
0.008045
0.009432
0.004207
0.004290
0.001166
0.005287
0.010241
0.004224
0.002429
0.015483
0.017486
0.007687
0.003611
0.005499
0.017128
0.005254
0.001782
0.008159
0.004705
0.016385
0.012574
0.007341
0.006329
0.009634
0.020385
0.012541
0.007183
0.007043
0.053167
0.004004
0.007245
0.002770
0.005719
0.009345
0.021156
0.008152
0.002478
0.005063
0.021692
0.013334
0.009080
0.002543
0.008102
0.015714
0.017927
0.009322
0.006146
0.002472
0.020907
0.011041
0.006022
0.005614
0.015900
0.005772
0.010579
0.007896
0.004062
0.042734
0.013536
0.009158
0.007221
0.005145
0.014441
0.009434
0.008894
0.005359
0.053799
0.009525
0.009004
0.007310
0.006944
0.005944
0.021494
0.002290
0.010538
0.003167
0.002531
0.004615
0.004666
0.003881
0.002661
0.023004
0.029428
0.006759
0.007452
0.002338
0.004122
0.021287
0.009005
0.002902
0.003823
0.015346
0.014096
0.009074
0.006923
0.005308
0.023729
0.016502
0.009775
0.002523
0.009392
0.022189
0.013228
0.009169
0.007290
0.001688
0.010265
0.010058
0.014765
0.007017
0.004458
0.012474
0.008344
0.004256
0.005963
0.021234
0.006301
0.016621
0.006891
0.005082
0.009833
0.011505
0.016083
0.003925
0.001583
0.019419
0.011334
0.006542
0.002719
0.006098
0.005453
0.009486
0.009900
0.004598
0.001627
0.014665
0.010467
0.017831
0.005263
0.001778
0.001231
0.007797
0.006438
0.005372
0.005838
0.003042
0.035309
0.013579
0.006478
0.002387
0.003561
0.019292
0.010774
0.010592
0.004888
0.015236
0.011017
0.009117
0.004271
0.001799
0.004639
0.017969
0.009406
0.005591
0.003473
0.011345
0.011243
0.008989
0.003264
0.003899
0.010204
0.015703
0.009591
0.004825
0.005355
0.015465
0.016789
0.007519
0.006878
0.005902
0.006774
0.018703
0.007622
0.006843
0.005401
0.020723
0.016835
0.010320
0.005738
0.043545
0.001409
0.017236
0.008715
0.004685
0.002322
0.001778
0.009229
0.008015
0.003720
0.003073
0.005335
0.012091
0.007426
0.003961
0.007420
0.035781
0.007175
0.010296
0.009954
0.007825
0.006053
0.015265
0.027524
0.001817
0.004908
0.007172
0.018657
0.010625
0.008895
0.003350
0.001700
0.021177
0.017383
0.011010
0.005952
0.007172
0.005536
0.016767
0.028931
0.015118
0.004402
0.004991
0.008820
0.012583
0.010575
0.005906
0.004676
0.018750
0.010194
0.009337
0.005923
0.003018
0.016253
0.022486
0.010112
0.006599
0.002015
0.016434
0.002500
0.023456
0.011282
0.002683
0.002778
0.007667
0.012338
0.010649
0.006922
0.004309
0.009816
0.014371
0.010271
0.003903
0.004374
0.004967
0.016164
0.007454
0.006855
0.001374
0.019670
0.007344
0.009795
0.007061
0.005852
0.014102
0.012697
0.011043
0.005513
0.003440
0.004358
0.018840
0.009911
0.005227
0.005576
0.005291
0.016997
0.006236
0.005811
0.003236
0.010070
0.012305
0.012724
0.003435
0.001609
0.015740
0.017191
0.012618
0.005739
0.001497
0.000755
0.019372
0.005167
0.014378
0.003246
0.004917
0.011608
0.002047
0.016435
0.009979
0.008083
0.001588
0.073670
0.010507
0.010647
0.003465
0.006042
0.005063
0.018324
0.007249
0.005434
0.008612
0.007554
0.050666
0.008344
0.006155
0.006086
0.003858
0.008877
0.010419
0.006743
0.001922
0.009975
0.020703
0.006997
0.001039
0.005043
0.002577
0.014765
0.013800
0.006139
0.022751
0.018992
0.022785
0.010909
0.008023
0.004030
0.006038
0.011925
0.009121
0.005885
0.005585
0.010790
0.022900
0.001559
0.008712
0.002790
0.031806
0.003277
0.007523
0.006691
0.002551
0.017737
0.020367
0.008147
0.002854
0.001605
0.045217
0.048913
0.011791
0.010747
0.004170
0.012378
0.018617
0.014144
