







































































































































































































































































































































































































































































































































































































































































































































































































































































































































































































































0.003595
0.019609
0.012809
0.015841
0.002620
0.008719
0.023573
0.012967
0.019385
0.011490
0.003222
0.006194
0.022180
0.022540
0.008691
0.004702
0.005452
0.006419
0.018587
0.010642
0.004666
0.001013
0.014823
0.013093
0.008534
0.003686
0.000736
0.010892
0.023101
0.027023
0.002567
0.003894
0.015471
0.010529
0.013777
0.005712
0.013780
0.025720
0.021364
0.010668
0.031909
0.021484
0.055205
0.020716
0.010522
0.035918
0.002544
0.004198
0.029935
0.020891
0.021282
0.012595
0.005370
0.005306
0.032030
0.022791
0.023050
0.006595
0.022345
0.014963
0.026476
0.006281
0.002974
0.006335
0.028570
0.011950
0.010745
0.004027
0.000659
0.029792
0.013633
0.020190
0.002756
0.000668
0.022369
0.026598
0.013766
0.003431
0.008321
0.019845
0.021437
0.020244
0.001631
0.004716
0.022100
0.006152
0.019175
0.003222
0.004744
0.026590
0.020756
0.011760
0.006530
0.004228
0.027371
0.033155
0.024344
0.005816
0.003222
0.017766
0.015738
0.021274
0.008640
0.003548
0.073820
0.024215
0.032018
0.009641
0.001555
0.005058
0.015010
0.032225
0.008965
0.004456
0.004849
0.022740
0.020882
0.011747
0.001271
0.001803
0.011629
0.010975
0.020017
0.007538
0.027255
0.013944
0.014200
0.005569
0.004588
0.023288
0.037428
0.015682
0.024169
0.001198
0.004891
0.024248
0.012091
0.006856
0.003022
0.000746
0.017789
0.020740
0.007516
0.001076
0.006499
0.018558
0.035967
0.020190
0.006447
0.005027
0.017682
0.028187
0.010824
0.007647
0.001380
0.020480
0.018916
0.011431
0.001984
0.000883
0.022922
0.027500
0.009492
0.004666
0.017540
0.010794
0.023774
0.010089
0.004870
0.004771
0.026121
0.033060
0.010511
0.001972
0.036260
0.014252
0.014242
0.010162
0.003778
0.011433
0.014121
0.012043
0.009812
0.001287
0.013532
0.023036
0.018522
0.012781
0.001332
0.004202
0.013766
0.032532
0.005380
0.002360
0.019232
0.021680
0.010413
0.006260
0.019803
0.024424
0.028326
0.012385
0.003840
0.005166
0.020139
0.016738
0.010642
0.002186
0.021316
0.028289
0.022407
0.009043
0.003936
0.005008
0.015595
0.023978
0.016071
0.004590
0.004676
0.015025
0.017914
0.012398
0.003055
0.019572
0.024890
0.036568
0.010738
0.003580
0.005984
0.012834
0.017744
0.007120
0.004772
0.005370
0.013463
0.022788
0.009091
0.005713
0.004152
0.030133
0.026720
0.008851
0.007401
0.003207
0.009553
0.032585
0.010695
0.005705
0.022970
0.022075
0.019208
0.013500
0.002216
0.005367
0.028914
0.012874
0.009529
0.003701
0.019293
0.018670
0.035380
0.024245
0.003518
0.005359
0.005542
0.019442
0.033707
0.003835
0.001686
0.019707
0.028457
0.005679
0.005533
0.030059
0.018543
0.009741
0.004515
0.000946
0.030169
0.034583
0.010564
0.001485
0.016209
0.031935
0.034406
0.004122
0.004664
0.023736
0.025921
0.011874
0.003898
0.001716
0.024398
0.035648
0.018152
0.002265
0.005366
0.014712
0.016471
0.010865
0.002551
0.005951
0.008717
0.021250
0.021304
0.006598
0.012960
0.029727
0.022479
0.009061
0.003128
0.002595
0.022071
0.019839
0.007875
0.003974
0.005082
0.015448
0.021573
0.020500
0.006209
0.004655
0.011729
0.021616
0.015314
0.002579
0.034755
0.014980
0.020879
0.011827
0.004573
0.001701
0.015209
0.017855
0.010408
0.005105
0.016756
0.028884
0.005409
0.012622
0.004312
0.009709
0.023154
0.020772
0.021360
0.005614
0.023839
0.014687
0.019555
0.007564
0.007002
0.001086
0.025614
0.020677
0.025462
0.001403
0.002534
0.022628
0.022995
0.006451
0.005720
0.004862
0.005961
0.021038
0.009589
0.002303
0.001903
0.031064
0.014806
0.025423
0.010836
0.005926
0.000655
0.011830
0.016733
0.010380
0.008539
0.017756
0.006622
0.020966
0.006618
0.002405
0.002973
0.007425
0.028140
0.023229
0.004013
0.001384
0.013239
0.019605
0.010741
0.004578
0.019949
0.029163
0.023838
0.010556
0.005838
0.006586
0.021265
0.018725
0.011100
0.001757
0.020156
0.031457
0.021815
0.016638
0.003978
0.003923
0.004209
0.034445
0.024117
0.001587
0.006643
0.017941
0.023611
0.010157
0.006213
0.003767
0.005325
0.024788
0.010341
0.001657
0.001051
0.012854
0.010573
0.002334
0.001271
0.027840
0.045199
0.006950
0.005648
0.006047
0.023830
0.020985
0.009509
0.001900
0.001045
0.025584
0.035103
0.011561
0.005942
0.000912
0.020897
0.013598
0.010557
0.016793
0.004549
0.001561
0.024124
0.022632
0.015314
0.003811
0.053959
0.034372
0.018973
0.026257
0.006647
0.000997
0.013704
0.025399
0.016451
0.001298
0.014623
0.021914
0.032576
0.017031
0.003323
0.002760
0.032924
0.024826
0.018477
0.004839
0.001883
0.026871
0.017840
0.012433
0.002377
0.004277
0.021918
0.013765
0.008445
0.004097
0.011999
0.010917
0.015063
0.003351
0.003343
0.014883
0.033134
0.007606
0.006635
0.023825
0.014159
0.021528
0.032118
0.002642
0.042554
0.023003
0.013019
0.009695
