







































































































































































































































































































































































































































































































































































































































































































































































































































































































































































































































0.001119
0.006355
0.002232
0.015894
0.003852
0.004147
0.004860
0.008553
0.008945
0.006285
0.001115
0.003280
0.004299
0.008388
0.006949
0.001465
0.005459
0.005060
0.004467
0.004480
0.001924
0.003980
0.001815
0.011443
0.007609
0.005583
0.005356
0.014718
0.011621
0.008478
0.005224
0.005192
0.005418
0.033216
0.004470
0.005807
0.001553
0.004078
0.011412
0.006617
0.002871
0.001476
0.010422
0.014872
0.006470
0.004211
0.000892
0.005402
0.015036
0.006659
0.005758
0.000900
0.002214
0.011651
0.032512
0.004930
0.003924
0.002706
0.016425
0.019539
0.005851
0.007444
0.001489
0.003331
0.014032
0.004679
0.008135
0.005967
0.002909
0.014634
0.023043
0.009418
0.001183
0.005443
0.009732
0.014168
0.005520
0.005134
0.005704
0.018733
0.022733
0.005414
0.003713
0.003692
0.030122
0.012318
0.003862
0.003079
0.003188
0.033614
0.011923
0.003253
0.005792
0.006384
0.004731
0.030476
0.004677
0.006247
0.004741
0.014314
0.015687
0.007793
0.004776
0.006856
0.010284
0.022348
0.003685
0.004204
0.007740
0.010692
0.016458
0.006063
0.004705
0.005483
0.016672
0.009952
0.007958
0.005142
0.006006
0.065099
0.034365
0.005461
0.005532
0.005280
0.021127
0.017738
0.007847
0.001160
0.005392
0.028157
0.015776
0.019468
0.002422
0.010698
0.029966
0.010137
0.011186
0.001083
0.005949
0.014209
0.016463
0.005875
0.007711
0.005288
0.012119
0.016693
0.004255
0.001757
0.002780
0.003492
0.015913
0.010607
0.001523
0.004944
0.014744
0.014452
0.009008
0.007356
0.006640
0.027873
0.009758
0.003318
0.004057
0.003780
0.019710
0.019741
0.007703
0.006575
0.000833
0.005812
0.004076
0.004341
0.003943
0.002626
0.007712
0.022576
0.005113
0.006747
0.006954
0.003896
0.015613
0.007717
0.007808
0.002569
0.001630
0.010853
0.000941
0.002255
0.002584
0.012565
0.011221
0.018532
0.008838
0.005131
0.004819
0.020055
0.014653
0.006480
0.005874
0.005435
0.010366
0.016619
0.006457
0.004769
0.001631
0.007279
0.014343
0.006111
0.005294
0.022301
0.032418
0.011373
0.033374
0.024199
0.013116
0.021029
0.030920
0.014400
0.020450
0.033497
0.004860
0.087032
0.002861
0.023364
0.007102
0.011820
0.018553
0.059096
0.006900
0.005741
0.004429
0.009471
0.007605
0.005686
0.004747
0.010141
0.009077
0.008927
0.006860
0.003998
0.012693
0.010045
0.006927
0.005902
0.002944
0.015746
0.006216
0.006047
0.001877
0.013455
0.008745
0.003402
0.007134
0.004221
0.014531
0.019558
0.003342
0.001764
0.027371
0.011384
0.013852
0.011451
0.007646
0.005436
0.002078
0.011377
0.017476
0.004554
0.005311
0.000759
0.004175
0.014472
0.011889
0.001852
0.005417
0.012542
0.015711
0.007214
0.004562
0.004853
0.007851
0.010339
0.005920
0.002722
0.002427
0.014710
0.009924
0.006175
0.003863
0.005697
0.015569
0.016800
0.005135
0.004820
0.004773
0.016945
0.014507
0.007579
0.005876
0.004524
0.012409
0.017045
0.005854
0.005376
0.002149
0.012217
0.016442
0.005130
0.007423
0.004505
0.006703
0.017622
0.009275
0.002710
0.003663
0.006572
0.017783
0.006836
0.008865
0.004569
0.018733
0.007810
0.006352
0.005716
0.015698
0.016984
0.016608
0.008449
0.006366
0.015212
0.012604
0.016691
0.006080
0.005188
0.001622
0.016931
0.010379
0.004306
0.005655
0.009939
0.010461
0.016477
0.003710
0.003272
0.003900
0.015114
0.015694
0.006356
0.001827
0.001184
0.014710
0.016626
0.005558
0.001718
0.002479
0.013635
0.011289
0.007052
0.005994
0.001967
0.016706
0.010160
0.004602
0.007806
0.002401
0.026914
0.012689
0.007455
0.004779
0.002218
0.007048
0.017522
0.006972
0.004283
0.007981
0.024224
0.016769
0.004453
0.004334
0.007711
0.013511
0.016608
0.006092
0.006808
0.005273
0.034677
0.016433
0.009790
0.002972
0.002267
0.003434
0.016710
0.006074
0.004505
0.008103
0.021113
0.010372
0.005653
0.005184
0.002536
0.008183
0.020553
0.006734
0.002254
0.003639
0.013816
0.015524
0.005759
0.004694
0.001949
0.008804
0.019004
0.006749
0.010685
0.005358
0.001670
0.016626
0.009878
0.003307
0.002470
0.005403
0.015570
0.007772
0.003691
0.007537
0.012185
0.016346
0.003164
0.001689
0.003686
0.005162
0.017606
0.016723
0.006927
0.005244
0.004200
0.001436
0.013855
0.004520
0.005438
0.003740
0.008246
0.013160
0.006456
0.005935
0.004913
0.006394
0.015314
0.009886
0.004390
0.004388
0.005875
0.007882
0.006723
0.004928
0.005295
0.004893
0.015641
0.020336
0.009322
0.009676
0.004963
0.005550
0.003044
0.022170
0.003816
0.005211
0.005172
0.016918
0.007667
0.006767
0.001273
0.004591
0.010706
0.008612
0.007628
0.005477
0.002953
0.010209
0.019454
0.004419
0.001779
0.001784
0.017734
0.014600
0.004629
0.003658
0.010186
0.017161
0.005632
0.001743
0.001801
0.005759
0.019725
0.008667
0.005154
0.001664
0.011049
0.014820
0.004938
