







































































































































































































































































































































































































































































































































































































































































































































































































































































































































































































































0.001813
0.005170
0.022530
0.014998
0.002528
0.003803
0.003183
0.013913
0.010907
0.001594
0.000932
0.001785
0.011789
0.009276
0.003249
0.003857
0.003580
0.012513
0.011709
0.004192
0.004546
0.005422
0.005906
0.011239
0.006975
0.002399
0.001321
0.011605
0.010655
0.005050
0.004115
0.005812
0.005791
0.010614
0.012042
0.002747
0.002715
0.018843
0.004327
0.009858
0.005013
0.001275
0.001873
0.004995
0.007766
0.002489
0.006835
0.020941
0.020419
0.006931
0.002367
0.003137
0.006220
0.009823
0.009422
0.002586
0.003339
0.002674
0.010146
0.004433
0.003929
0.001977
0.004434
0.011926
0.013557
0.004421
0.001761
0.001760
0.019683
0.012446
0.003648
0.002302
0.007407
0.007626
0.008629
0.001572
0.001122
0.000796
0.018277
0.011292
0.003891
0.001443
0.004656
0.017592
0.009513
0.006652
0.006973
0.000777
0.004495
0.009853
0.009478
0.001800
0.008244
0.001922
0.013740
0.011689
0.007017
0.001163
0.004939
0.010146
0.012730
0.001283
0.010287
0.005914
0.007422
0.018899
0.001367
0.005396
0.002532
0.001922
0.012740
0.003660
0.007181
0.002324
0.012849
0.008470
0.005185
0.004049
0.001758
0.020384
0.008457
0.004118
0.004207
0.001544
0.021831
0.008535
0.002920
0.005431
0.004032
0.015881
0.021360
0.005488
0.005794
0.004426
0.015862
0.012422
0.005845
0.004411
0.005207
0.015484
0.010644
0.005681
0.007155
0.005212
0.007277
0.011527
0.002671
0.005009
0.007378
0.030926
0.011705
0.003784
0.005911
0.005531
0.014963
0.008731
0.001374
0.005826
0.005390
0.004457
0.011799
0.011616
0.005698
0.001789
0.001438
0.012755
0.007159
0.011481
0.003784
0.005641
0.004866
0.019920
0.011487
0.002526
0.002636
0.005150
0.007370
0.015102
0.004418
0.005366
0.004878
0.003238
0.012648
0.006720
0.006594
0.000864
0.005047
0.011963
0.005943
0.004992
0.004752
0.020682
0.018470
0.001475
0.001625
0.001615
0.023652
0.008503
0.003771
0.010267
0.005840
0.008973
0.005095
0.000981
0.000860
0.017752
0.010561
0.003295
0.005998
0.005259
0.005309
0.006927
0.013649
0.004666
0.002399
0.002219
0.019415
0.010520
0.003810
0.002766
0.003919
0.001278
0.010641
0.005829
0.004362
0.004291
0.004339
0.007808
0.002161
0.001864
0.002975
0.020455
0.013636
0.004732
0.007764
0.002419
0.016458
0.015111
0.004707
0.001709
0.001762
0.007642
0.010708
0.015530
0.005367
0.000862
0.004442
0.017403
0.010678
0.001644
0.005650
0.000997
0.003430
0.017176
0.008869
0.001169
0.004031
0.022941
0.009710
0.003835
0.004840
0.000945
0.001434
0.010615
0.001094
0.001622
0.002695
0.014647
0.012873
0.005601
0.003159
0.002000
0.003438
0.011505
0.002428
0.002524
0.001351
0.016854
0.008083
0.005548
0.004487
0.003384
0.012823
0.025311
0.002961
0.002438
0.003326
0.013773
0.006400
0.003359
0.003247
0.003647
0.001953
0.015265
0.005362
0.001179
0.001687
0.003627
0.003741
0.010360
0.010473
0.003435
0.000757
0.001735
0.014773
0.013920
0.002080
0.001613
0.004385
0.002288
0.010619
0.004624
0.002700
0.005615
0.023642
0.016569
0.016497
0.009429
0.005940
0.005004
0.020624
0.006901
0.003798
0.003842
0.005701
0.004300
0.014660
0.001400
0.002632
0.004519
0.018686
0.007564
0.010712
0.003553
0.003349
0.004027
0.015998
0.018102
0.004578
0.002924
0.005636
0.006781
0.011712
0.004935
0.002874
0.005521
0.017628
0.015023
0.004372
0.002496
0.001353
0.021738
0.022433
0.006873
0.005423
0.003628
0.002246
0.020559
0.009606
0.003331
0.008386
0.009428
0.012408
0.007923
0.002727
0.000945
0.005259
0.009689
0.003784
0.004158
0.003231
0.013872
0.008687
0.002211
0.006943
0.002989
0.018740
0.012871
0.004765
0.000790
0.002897
0.004986
0.010644
0.005244
0.004779
0.006472
0.011046
0.010632
0.002668
0.005929
0.002403
0.019729
0.009633
0.001673
0.001013
0.000981
0.008826
0.005915
0.011641
0.005705
0.005322
0.005108
0.017869
0.012929
0.000750
0.003741
0.003163
0.014242
0.010919
0.002775
0.000843
0.001815
0.015850
0.007296
0.003168
0.000700
0.004945
0.007587
0.009904
0.002808
0.005313
0.004400
0.018787
0.020297
0.006505
0.003952
0.002721
0.005750
0.010434
0.003972
0.003835
0.004890
0.016876
0.013035
0.003645
0.005232
0.001726
0.003789
0.011808
0.005944
0.004449
0.005418
0.013568
0.010408
0.010556
0.001591
0.010585
0.005208
0.012855
0.009594
0.005250
0.005476
0.002868
0.007972
0.020358
0.004654
0.005709
0.005436
0.004646
0.009939
0.008358
0.005449
0.001677
0.005353
0.022602
0.008396
0.002507
0.003899
0.007165
0.006652
0.010740
0.007879
0.003782
0.001610
0.013572
0.009613
0.011858
0.001914
0.003798
0.003333
0.020106
0.006678
0.001319
0.002843
0.004013
0.004589
0.011777
0.002309
0.001253
0.000931
0.002734
0.011439
0.001131
0.001072
0.000906
0.020872
0.010601
0.003249
0.000866
0.001684
